#     BLOCK:   ACTUAL_KE:    KE_AVE:      ERROR:
           1        2.34        2.34           0
           2     2.33978     2.33989 7.71608e-05
           3     2.33913     2.33964 0.000213997
           4     2.33804     2.33924 0.000381357
           5     2.33652     2.33869 0.000574505
           6     2.33456       2.338 0.000790324
           7     2.33217     2.33717  0.00102659
           8     2.32935     2.33619  0.00128159
           9      2.3261     2.33507  0.00155399
          10     2.32243     2.33381  0.00184258
          11     2.31833      2.3324  0.00214634
          12      2.3138     2.33085  0.00246431
          13     2.30886     2.32916  0.00279567
          14      2.3035     2.32733  0.00313987
          15     2.29772     2.32535  0.00349636
          16     2.29152     2.32324  0.00386461
          17     2.28491     2.32098  0.00424425
          18     2.27789     2.31859  0.00463485
          19     2.27045     2.31606  0.00503598
          20     2.26261     2.31338  0.00544729
          21     2.25436     2.31057  0.00586844
          22      2.2457     2.30762  0.00629911
          23     2.23664     2.30454  0.00673904
          24     2.22718     2.30131  0.00718793
          25     2.21731     2.29795  0.00764557
          26     2.20704     2.29446  0.00811179
          27     2.19637     2.29082  0.00858637
          28     2.18531     2.28706  0.00906909
          29     2.17385     2.28315  0.00955969
          30     2.16199     2.27911    0.010058
          31     2.14975     2.27494   0.0105638
          32     2.13713     2.27063   0.0110768
          33     2.12411     2.26619   0.0115969
          34     2.11072     2.26162    0.012124
          35     2.09694     2.25692   0.0126577
          36     2.08278     2.25208    0.013198
          37     2.06826     2.24711   0.0137446
          38     2.05336     2.24201   0.0142973
          39     2.03811     2.23678   0.0148559
          40     2.02249     2.23143   0.0154203
          41     2.00652     2.22594   0.0159901
          42      1.9902     2.22033   0.0165653
          43     1.97354     2.21459   0.0171454
          44     1.95654     2.20872   0.0177304
          45     1.93921     2.20273   0.0183201
          46     1.92156     2.19662    0.018914
          47     1.90359     2.19039   0.0195122
          48     1.88532     2.18403   0.0201141
          49     1.86674     2.17756   0.0207198
          50     1.84787     2.17096   0.0213287
          51     1.82872     2.16425   0.0219408
          52     1.80929     2.15743   0.0225558
          53      1.7896     2.15049   0.0231733
          54     1.76966     2.14343   0.0237931
          55     1.74948     2.13627   0.0244149
          56     1.72906       2.129   0.0250384
          57     1.70843     2.12162   0.0256632
          58     1.68758     2.11414   0.0262892
          59     1.66655     2.10655    0.026916
          60     1.64533     2.09886   0.0275432
          61     1.62395     2.09108   0.0281705
          62     1.60241      2.0832   0.0287977
          63     1.58073     2.07522   0.0294243
          64     1.55893     2.06715     0.03005
          65     1.53702       2.059   0.0306746
          66     1.51503     2.05076   0.0312975
          67     1.49295     2.04243   0.0319185
          68     1.47082     2.03402   0.0325372
          69     1.44865     2.02554   0.0331532
          70     1.42646     2.01698   0.0337661
          71     1.40427     2.00835   0.0343756
          72     1.38209     1.99966   0.0349813
          73     1.35994     1.99089   0.0355829
          74     1.33785     1.98207   0.0361798
          75     1.31583     1.97318   0.0367718
          76      1.2939     1.96425   0.0373584
          77     1.27208     1.95526   0.0379393
          78      1.2504     1.94622    0.038514
          79     1.22886     1.93714   0.0390823
          80      1.2075     1.92802   0.0396437
          81     1.18632     1.91886   0.0401979
          82     1.16535     1.90967   0.0407444
          83     1.14462     1.90046    0.041283
          84     1.12413     1.89121   0.0418133
          85      1.1039     1.88195   0.0423348
          86     1.08397     1.87267   0.0428474
          87     1.06434     1.86338   0.0433505
          88     1.04503     1.85408    0.043844
          89     1.02606     1.84478   0.0443275
          90     1.00744     1.83547   0.0448007
          91    0.989198     1.82617   0.0452633
          92    0.971341     1.81688   0.0457151
          93    0.953886      1.8076   0.0461557
          94    0.936846     1.79834    0.046585
          95    0.920236      1.7891   0.0470027
          96    0.904066     1.77988   0.0474086
          97     0.88835     1.77069   0.0478025
          98    0.873098     1.76153   0.0481841
          99    0.858321      1.7524   0.0485535
         100    0.844027     1.74332   0.0489103
         101    0.830225     1.73428   0.0492545
         102    0.816923     1.72529   0.0495859
         103    0.804127     1.71634   0.0499044
         104    0.791843     1.70745   0.0502101
         105    0.780075     1.69862   0.0505027
         106    0.768828     1.68985   0.0507823
         107    0.758103     1.68114   0.0510489
         108    0.747902      1.6725   0.0513023
         109    0.738227     1.66393   0.0515427
         110    0.729078     1.65543   0.0517701
         111    0.720453     1.64701   0.0519844
         112    0.712352     1.63866   0.0521858
         113    0.704772      1.6304   0.0523743
         114     0.69771     1.62222     0.05255
         115    0.691162     1.61412    0.052713
         116    0.685124     1.60611   0.0528635
         117    0.679589     1.59819   0.0530014
         118    0.674552     1.59037   0.0531271
         119    0.670005     1.58263   0.0532407
         120    0.665942     1.57499   0.0533422
         121    0.662355     1.56745    0.053432
         122    0.659234     1.56001   0.0535101
         123    0.656572     1.55266   0.0535768
         124    0.654358     1.54542   0.0536322
         125    0.652581     1.53827   0.0536767
         126    0.651232     1.53123   0.0537104
         127      0.6503      1.5243   0.0537335
         128    0.649773     1.51746   0.0537463
         129    0.649639     1.51074    0.053749
         130    0.649886     1.50412   0.0537419
         131    0.650502      1.4976   0.0537253
         132    0.651475     1.49119   0.0536993
         133    0.652792     1.48489   0.0536643
         134     0.65444     1.47869   0.0536205
         135    0.656408      1.4726   0.0535681
         136     0.65868     1.46661   0.0535075
         137    0.661244     1.46073   0.0534389
         138    0.664087     1.45496   0.0533625
         139    0.667195     1.44929   0.0532787
         140    0.670556     1.44373   0.0531877
         141    0.674156     1.43827   0.0530898
         142    0.677982     1.43292   0.0529852
         143    0.682022     1.42767   0.0528743
         144    0.686261     1.42252   0.0527572
         145    0.690686     1.41747   0.0526342
         146    0.695285     1.41253   0.0525056
         147    0.700046     1.40768   0.0523716
         148    0.704954     1.40293   0.0522326
         149    0.709999     1.39828   0.0520886
         150    0.715167     1.39373   0.0519401
         151    0.720448     1.38927   0.0517871
         152     0.72583      1.3849     0.05163
         153    0.731301     1.38063    0.051469
         154     0.73685     1.37645   0.0513043
         155    0.742465     1.37236   0.0511361
         156    0.748137     1.36836   0.0509646
         157    0.753856     1.36444   0.0507901
         158    0.759612     1.36062   0.0506127
         159    0.765393     1.35687   0.0504326
         160    0.771191     1.35321   0.0502501
         161    0.776997     1.34963   0.0500652
         162    0.782802     1.34613   0.0498783
         163    0.788599     1.34271   0.0496895
         164    0.794378     1.33937   0.0494988
         165    0.800135      1.3361   0.0493066
         166     0.80586     1.33291   0.0491129
         167    0.811546     1.32979    0.048918
         168    0.817187     1.32674   0.0487219
         169    0.822776     1.32375   0.0485247
         170    0.828307     1.32084   0.0483267
         171    0.833774     1.31799    0.048128
         172    0.839173     1.31521   0.0479286
         173    0.844498     1.31249   0.0477287
         174    0.849745     1.30983   0.0475285
         175    0.854909     1.30723   0.0473279
         176    0.859988     1.30469   0.0471272
         177    0.864976      1.3022   0.0469264
         178     0.86987     1.29977   0.0467255
         179    0.874669      1.2974   0.0465248
         180    0.879368     1.29508   0.0463243
         181    0.883966      1.2928    0.046124
         182    0.888461     1.29058    0.045924
         183    0.892851     1.28841   0.0457245
         184    0.897135     1.28628   0.0455254
         185    0.901311      1.2842   0.0453268
         186    0.905379     1.28216   0.0451289
         187    0.909338     1.28017   0.0449316
         188    0.913189     1.27822    0.044735
         189    0.916931     1.27631   0.0445391
         190    0.920562     1.27444    0.044344
         191    0.924084      1.2726   0.0441498
         192    0.927497      1.2708   0.0439564
         193    0.930803     1.26904   0.0437639
         194    0.934001     1.26731   0.0435724
         195    0.937094     1.26562   0.0433818
         196    0.940082     1.26396   0.0431923
         197    0.942967     1.26233   0.0430038
         198    0.945751     1.26073   0.0428163
         199    0.948437     1.25916   0.0426299
         200    0.951025     1.25762   0.0424446
         201    0.953518     1.25611   0.0422604
         202    0.955919     1.25462   0.0420773
         203    0.958228     1.25316   0.0418953
         204    0.960449     1.25173   0.0417145
         205    0.962585     1.25032   0.0415349
         206    0.964636     1.24893   0.0413564
         207    0.966607     1.24757   0.0411791
         208      0.9685     1.24623    0.041003
         209    0.970319     1.24491    0.040828
         210    0.972066     1.24361   0.0406543
         211    0.973745     1.24233   0.0404817
         212    0.975358     1.24107   0.0403103
         213    0.976909     1.23983   0.0401401
         214    0.978401     1.23861   0.0399712
         215    0.979836      1.2374   0.0398034
         216    0.981218     1.23622   0.0396368
         217     0.98255     1.23505   0.0394713
         218    0.983835     1.23389   0.0393071
         219    0.985075     1.23276    0.039144
         220    0.986275     1.23164   0.0389821
         221    0.987439     1.23053   0.0388214
         222    0.988568     1.22944   0.0386618
         223    0.989665     1.22837   0.0385034
         224    0.990733     1.22731   0.0383461
         225    0.991774     1.22626     0.03819
         226    0.992791     1.22523    0.038035
         227    0.993788     1.22421   0.0378811
         228    0.994765      1.2232   0.0377283
         229    0.995727     1.22221   0.0375766
         230    0.996677     1.22123    0.037426
         231    0.997615     1.22026   0.0372765
         232    0.998545      1.2193   0.0371281
         233    0.999468     1.21836   0.0369807
         234     1.00039     1.21743   0.0368344
         235     1.00131     1.21651   0.0366892
         236     1.00223      1.2156   0.0365449
         237     1.00315      1.2147   0.0364017
         238     1.00407     1.21382   0.0362595
         239       1.005     1.21295   0.0361184
         240     1.00594     1.21208   0.0359782
         241     1.00689     1.21123   0.0358389
         242     1.00785     1.21039   0.0357007
         243     1.00883     1.20956   0.0355634
         244     1.00982     1.20874   0.0354271
         245     1.01082     1.20794   0.0352917
         246     1.01185     1.20714   0.0351572
         247     1.01289     1.20635   0.0350237
         248     1.01396     1.20558   0.0348911
         249     1.01505     1.20481   0.0347593
         250     1.01616     1.20406   0.0346285
         251     1.01729     1.20331   0.0344985
         252     1.01846     1.20258   0.0343694
         253     1.01964     1.20186   0.0342412
         254     1.02086     1.20114   0.0341138
         255     1.02211     1.20044   0.0339872
         256     1.02338     1.19975   0.0338615
         257     1.02469     1.19907   0.0337366
         258     1.02603      1.1984   0.0336125
         259      1.0274     1.19774   0.0334892
         260      1.0288     1.19709   0.0333667
         261     1.03024     1.19645    0.033245
         262     1.03171     1.19582    0.033124
         263     1.03322      1.1952   0.0330039
         264     1.03477     1.19459   0.0328844
         265     1.03636       1.194   0.0327658
         266     1.03798     1.19341   0.0326478
         267     1.03964     1.19283   0.0325306
         268     1.04134     1.19227   0.0324142
         269     1.04308     1.19171   0.0322984
         270     1.04485     1.19117   0.0321834
         271     1.04666     1.19064    0.032069
         272     1.04851     1.19011   0.0319554
         273     1.05041      1.1896   0.0318424
         274     1.05233      1.1891   0.0317302
         275      1.0543     1.18861   0.0316186
         276     1.05631     1.18813   0.0315076
         277     1.05835     1.18766   0.0313974
         278     1.06043     1.18721   0.0312878
         279     1.06255     1.18676   0.0311788
         280     1.06471     1.18632   0.0310705
         281      1.0669      1.1859   0.0309628
         282     1.06913     1.18548   0.0308558
         283     1.07139     1.18508   0.0307494
         284     1.07369     1.18469   0.0306436
         285     1.07601     1.18431   0.0305385
         286     1.07837     1.18394    0.030434
         287     1.08076     1.18358     0.03033
         288     1.08318     1.18323   0.0302267
         289     1.08563     1.18289    0.030124
         290      1.0881     1.18256   0.0300219
         291     1.09061     1.18225   0.0299204
         292     1.09314     1.18194   0.0298195
         293     1.09569     1.18165   0.0297192
         294     1.09826     1.18137   0.0296195
         295     1.10086     1.18109   0.0295203
         296     1.10347     1.18083   0.0294217
         297     1.10611     1.18058   0.0293238
         298     1.10876     1.18034   0.0292263
         299     1.11142     1.18011   0.0291295
         300     1.11409     1.17989   0.0290332
         301     1.11678     1.17968   0.0289375
         302     1.11947     1.17948   0.0288424
         303     1.12218     1.17929   0.0287478
         304     1.12489     1.17911   0.0286538
         305      1.1276     1.17894   0.0285604
         306     1.13032     1.17878   0.0284675
         307     1.13304     1.17863   0.0283752
         308     1.13576     1.17849   0.0282834
         309     1.13847     1.17836   0.0281921
         310     1.14119     1.17824   0.0281014
         311     1.14389     1.17813   0.0280113
         312     1.14659     1.17803   0.0279217
         313     1.14928     1.17794   0.0278326
         314     1.15196     1.17786   0.0277441
         315     1.15463     1.17778   0.0276562
         316     1.15728     1.17772   0.0275687
         317     1.15992     1.17766   0.0274818
         318     1.16254     1.17762   0.0273954
         319     1.16515     1.17758   0.0273096
         320     1.16773     1.17755   0.0272242
         321      1.1703     1.17752   0.0271394
         322     1.17284     1.17751   0.0270552
         323     1.17535      1.1775   0.0269714
         324     1.17784      1.1775   0.0268882
         325      1.1803     1.17751   0.0268054
         326     1.18273     1.17753   0.0267232
         327     1.18513     1.17755   0.0266415
         328      1.1875     1.17758   0.0265603
         329     1.18984     1.17762   0.0264796
         330     1.19214     1.17766   0.0263994
         331     1.19441     1.17771   0.0263197
         332     1.19664     1.17777   0.0262405
         333     1.19882     1.17783   0.0261617
         334     1.20097      1.1779   0.0260835
         335     1.20308     1.17798   0.0260057
         336     1.20515     1.17806   0.0259285
         337     1.20717     1.17815   0.0258517
         338     1.20915     1.17824   0.0257754
         339     1.21108     1.17833   0.0256995
         340     1.21297     1.17844   0.0256241
         341     1.21481     1.17854   0.0255492
         342     1.21659     1.17865   0.0254747
         343     1.21833     1.17877   0.0254007
         344     1.22002     1.17889   0.0253272
         345     1.22166     1.17901   0.0252541
         346     1.22325     1.17914   0.0251814
         347     1.22478     1.17927   0.0251092
         348     1.22626     1.17941   0.0250374
         349     1.22769     1.17955    0.024966
         350     1.22907     1.17969   0.0248951
         351     1.23039     1.17983   0.0248246
         352     1.23166     1.17998   0.0247545
         353     1.23287     1.18013   0.0246848
         354     1.23402     1.18028   0.0246156
         355     1.23512     1.18044   0.0245467
         356     1.23617     1.18059   0.0244783
         357     1.23716     1.18075   0.0244102
         358     1.23809     1.18091   0.0243425
         359     1.23896     1.18107   0.0242753
         360     1.23978     1.18124   0.0242084
         361     1.24055      1.1814   0.0241419
         362     1.24126     1.18157   0.0240758
         363     1.24191     1.18173     0.02401
         364     1.24251      1.1819   0.0239446
         365     1.24305     1.18207   0.0238796
         366     1.24353     1.18223    0.023815
         367     1.24396      1.1824   0.0237507
         368     1.24434     1.18257   0.0236867
         369     1.24467     1.18274   0.0236231
         370     1.24494     1.18291   0.0235599
         371     1.24516     1.18308    0.023497
         372     1.24533     1.18324   0.0234344
         373     1.24544     1.18341   0.0233722
         374     1.24551     1.18358   0.0233103
         375     1.24553     1.18374   0.0232487
         376     1.24549      1.1839   0.0231874
         377     1.24542     1.18407   0.0231265
         378     1.24529     1.18423   0.0230659
         379     1.24512     1.18439   0.0230056
         380      1.2449     1.18455   0.0229456
         381     1.24464     1.18471   0.0228859
         382     1.24433     1.18486   0.0228265
         383     1.24397     1.18502   0.0227675
         384     1.24357     1.18517   0.0227087
         385     1.24313     1.18532   0.0226502
         386     1.24265     1.18547    0.022592
         387     1.24213     1.18562   0.0225341
         388     1.24157     1.18576   0.0224765
         389     1.24097      1.1859   0.0224192
         390     1.24033     1.18604   0.0223621
         391     1.23965     1.18618   0.0223053
         392     1.23893     1.18631   0.0222488
         393     1.23818     1.18645   0.0221926
         394     1.23738     1.18657   0.0221367
         395     1.23655      1.1867    0.022081
         396     1.23569     1.18682   0.0220256
         397     1.23479     1.18695   0.0219704
         398     1.23386     1.18706   0.0219155
         399     1.23289     1.18718   0.0218609
         400     1.23189     1.18729   0.0218065
         401     1.23086      1.1874   0.0217524
         402      1.2298      1.1875   0.0216986
         403      1.2287     1.18761    0.021645
         404     1.22758     1.18771   0.0215916
         405     1.22643      1.1878   0.0215385
         406     1.22524     1.18789   0.0214857
         407     1.22403     1.18798   0.0214331
         408     1.22279     1.18807   0.0213807
         409     1.22152     1.18815   0.0213286
         410     1.22022     1.18823   0.0212767
         411      1.2189      1.1883   0.0212251
         412     1.21756     1.18837   0.0211737
         413     1.21619     1.18844   0.0211225
         414     1.21479      1.1885   0.0210716
         415     1.21338     1.18856   0.0210209
         416     1.21193     1.18862   0.0209704
         417     1.21047     1.18867   0.0209202
         418     1.20898     1.18872   0.0208702
         419     1.20747     1.18877   0.0208205
         420     1.20594     1.18881   0.0207709
         421      1.2044     1.18884   0.0207216
         422     1.20283     1.18888   0.0206726
         423     1.20124     1.18891   0.0206237
         424     1.19963     1.18893   0.0205751
         425       1.198     1.18895   0.0205267
         426     1.19636     1.18897   0.0204785
         427     1.19469     1.18898   0.0204305
         428     1.19301     1.18899   0.0203828
         429     1.19132       1.189   0.0203353
         430     1.18961       1.189    0.020288
         431      1.1879       1.189   0.0202409
         432     1.18616     1.18899   0.0201941
         433     1.18442     1.18898   0.0201475
         434     1.18266     1.18897    0.020101
         435     1.18089     1.18895   0.0200548
         436     1.17911     1.18892   0.0200088
         437     1.17732      1.1889   0.0199631
         438     1.17553     1.18887   0.0199175
         439     1.17373     1.18883   0.0198722
         440     1.17192     1.18879   0.0198271
         441     1.17011     1.18875   0.0197821
         442      1.1683     1.18871   0.0197374
         443     1.16648     1.18866    0.019693
         444     1.16467      1.1886   0.0196487
         445     1.16285     1.18854   0.0196046
         446     1.16103     1.18848   0.0195607
         447     1.15922     1.18842   0.0195171
         448     1.15741     1.18835   0.0194737
         449      1.1556     1.18827   0.0194304
         450      1.1538      1.1882   0.0193874
         451     1.15201     1.18812   0.0193446
         452     1.15023     1.18803    0.019302
         453     1.14846     1.18795   0.0192595
         454     1.14671     1.18786   0.0192173
         455     1.14496     1.18776   0.0191753
         456     1.14323     1.18766   0.0191335
         457     1.14151     1.18756   0.0190919
         458     1.13981     1.18746   0.0190505
         459     1.13813     1.18735   0.0190093
         460     1.13647     1.18724   0.0189683
         461     1.13484     1.18713   0.0189275
         462     1.13322     1.18701   0.0188869
         463     1.13163     1.18689   0.0188465
         464     1.13007     1.18677   0.0188063
         465     1.12853     1.18664   0.0187662
         466     1.12702     1.18651   0.0187264
         467     1.12554     1.18638   0.0186868
         468     1.12409     1.18625   0.0186473
         469     1.12267     1.18612    0.018608
         470     1.12128     1.18598    0.018569
         471     1.11993     1.18584   0.0185301
         472     1.11862     1.18569   0.0184914
         473     1.11734     1.18555   0.0184528
         474      1.1161      1.1854   0.0184145
         475     1.11489     1.18526   0.0183763
         476     1.11373     1.18511   0.0183383
         477     1.11261     1.18495   0.0183005
         478     1.11152      1.1848   0.0182629
         479     1.11048     1.18464   0.0182254
         480     1.10948     1.18449   0.0181881
         481     1.10852     1.18433    0.018151
         482     1.10761     1.18417    0.018114
         483     1.10675     1.18401   0.0180772
         484     1.10593     1.18385   0.0180406
         485     1.10515     1.18369   0.0180041
         486     1.10443     1.18352   0.0179678
         487     1.10374     1.18336   0.0179317
         488     1.10311      1.1832   0.0178957
         489     1.10252     1.18303   0.0178598
         490     1.10198     1.18286   0.0178242
         491     1.10149      1.1827   0.0177886
         492     1.10104     1.18253   0.0177532
         493     1.10065     1.18237    0.017718
         494      1.1003      1.1822   0.0176829
         495     1.10001     1.18203    0.017648
         496     1.09976     1.18187   0.0176132
         497     1.09957      1.1817   0.0175785
         498     1.09942     1.18154    0.017544
         499     1.09933     1.18137   0.0175096
         500     1.09929     1.18121   0.0174754
         501      1.0993     1.18105   0.0174412
         502     1.09936     1.18088   0.0174073
         503     1.09947     1.18072   0.0173734
         504     1.09964     1.18056   0.0173397
         505     1.09986      1.1804   0.0173061
         506     1.10013     1.18024   0.0172726
         507     1.10045     1.18008   0.0172393
         508     1.10083     1.17993    0.017206
         509     1.10125     1.17977   0.0171729
         510     1.10174     1.17962   0.0171399
         511     1.10227     1.17947    0.017107
         512     1.10286     1.17932   0.0170743
         513     1.10351     1.17917   0.0170416
         514     1.10421     1.17903   0.0170091
         515     1.10496     1.17888   0.0169767
         516     1.10577     1.17874   0.0169444
         517     1.10664      1.1786   0.0169122
         518     1.10756     1.17846   0.0168801
         519     1.10853     1.17833   0.0168481
         520     1.10956      1.1782   0.0168162
         521     1.11065     1.17807   0.0167845
         522     1.11178     1.17794   0.0167528
         523     1.11297     1.17782   0.0167212
         524     1.11421     1.17769   0.0166897
         525      1.1155     1.17758   0.0166584
         526     1.11685     1.17746   0.0166271
         527     1.11824     1.17735   0.0165959
         528     1.11969     1.17724   0.0165649
         529     1.12119     1.17713   0.0165339
         530     1.12273     1.17703    0.016503
         531     1.12433     1.17693   0.0164722
         532     1.12597     1.17684   0.0164415
         533     1.12766     1.17674   0.0164109
         534     1.12939     1.17665   0.0163805
         535     1.13117     1.17657   0.0163501
         536     1.13299     1.17649   0.0163198
         537     1.13485     1.17641   0.0162895
         538     1.13674     1.17634   0.0162594
         539     1.13868     1.17627   0.0162294
         540     1.14065      1.1762   0.0161995
         541     1.14265     1.17614   0.0161697
         542     1.14468     1.17608   0.0161399
         543     1.14674     1.17603   0.0161103
         544     1.14883     1.17598   0.0160808
         545     1.15094     1.17593   0.0160513
         546     1.15307     1.17589    0.016022
         547     1.15523     1.17585   0.0159927
         548     1.15739     1.17582   0.0159636
         549     1.15958     1.17579   0.0159345
         550     1.16177     1.17576   0.0159056
         551     1.16397     1.17574   0.0158767
         552     1.16618     1.17572    0.015848
         553     1.16839     1.17571   0.0158193
         554      1.1706      1.1757   0.0157908
         555      1.1728      1.1757   0.0157623
         556       1.175      1.1757    0.015734
         557     1.17719      1.1757   0.0157057
         558     1.17937      1.1757   0.0156776
         559     1.18154     1.17572   0.0156496
         560     1.18369     1.17573   0.0156216
         561     1.18583     1.17575   0.0155938
         562     1.18794     1.17577    0.015566
         563     1.19003     1.17579   0.0155384
         564     1.19209     1.17582   0.0155109
         565     1.19412     1.17586   0.0154835
         566     1.19612     1.17589   0.0154562
         567     1.19809     1.17593    0.015429
         568     1.20003     1.17597   0.0154018
         569     1.20193     1.17602   0.0153748
         570     1.20379     1.17607   0.0153479
         571     1.20561     1.17612   0.0153212
         572     1.20738     1.17617   0.0152945
         573     1.20912     1.17623   0.0152679
         574     1.21081     1.17629   0.0152414
         575     1.21246     1.17635    0.015215
         576     1.21406     1.17642   0.0151888
         577     1.21561     1.17649   0.0151626
         578     1.21712     1.17656   0.0151365
         579     1.21859     1.17663   0.0151105
         580        1.22     1.17671   0.0150847
         581     1.22136     1.17678   0.0150589
         582     1.22268     1.17686   0.0150332
         583     1.22395     1.17694   0.0150077
         584     1.22517     1.17702   0.0149822
         585     1.22635     1.17711   0.0149568
         586     1.22748     1.17719   0.0149316
         587     1.22857     1.17728   0.0149064
         588     1.22961     1.17737   0.0148813
         589     1.23061     1.17746   0.0148563
         590     1.23156     1.17755   0.0148314
         591     1.23247     1.17765   0.0148066
         592     1.23334     1.17774   0.0147819
         593     1.23416     1.17784   0.0147573
         594     1.23495     1.17793   0.0147327
         595      1.2357     1.17803   0.0147083
         596     1.23642     1.17813   0.0146839
         597      1.2371     1.17823   0.0146597
         598     1.23775     1.17833   0.0146355
         599     1.23836     1.17843   0.0146114
         600     1.23895     1.17853   0.0145874
         601     1.23951     1.17863   0.0145635
         602     1.24005     1.17873   0.0145396
         603     1.24056     1.17883   0.0145159
         604     1.24105     1.17894   0.0144922
         605     1.24152     1.17904   0.0144686
         606     1.24197     1.17914   0.0144451
         607      1.2424     1.17925   0.0144217
         608     1.24282     1.17935   0.0143984
         609     1.24322     1.17946   0.0143751
         610     1.24361     1.17956   0.0143519
         611     1.24399     1.17967   0.0143288
         612     1.24436     1.17977   0.0143058
         613     1.24472     1.17988   0.0142829
         614     1.24507     1.17998     0.01426
         615     1.24542     1.18009   0.0142372
         616     1.24577      1.1802   0.0142145
         617     1.24611      1.1803   0.0141919
         618     1.24645     1.18041   0.0141693
         619     1.24679     1.18052   0.0141468
         620     1.24714     1.18063   0.0141244
         621     1.24748     1.18073   0.0141021
         622     1.24783     1.18084   0.0140798
         623     1.24818     1.18095   0.0140576
         624     1.24854     1.18106   0.0140355
         625      1.2489     1.18117   0.0140135
         626     1.24928     1.18128   0.0139915
         627     1.24966     1.18138   0.0139696
         628     1.25005     1.18149   0.0139478
         629     1.25045      1.1816   0.0139261
         630     1.25086     1.18171   0.0139044
         631     1.25129     1.18182   0.0138828
         632     1.25173     1.18193   0.0138613
         633     1.25218     1.18205   0.0138398
         634     1.25264     1.18216   0.0138184
         635     1.25312     1.18227   0.0137971
         636     1.25362     1.18238   0.0137759
         637     1.25413     1.18249   0.0137547
         638     1.25466     1.18261   0.0137336
         639     1.25521     1.18272   0.0137126
         640     1.25577     1.18283   0.0136917
         641     1.25634     1.18295   0.0136708
         642     1.25694     1.18306     0.01365
         643     1.25755     1.18318   0.0136292
         644     1.25818      1.1833   0.0136086
         645     1.25883     1.18341    0.013588
         646      1.2595     1.18353   0.0135674
         647     1.26019     1.18365    0.013547
         648     1.26089     1.18377   0.0135266
         649     1.26161     1.18389   0.0135063
         650     1.26235     1.18401   0.0134861
         651      1.2631     1.18413   0.0134659
         652     1.26387     1.18425   0.0134458
         653     1.26466     1.18438   0.0134258
         654     1.26546      1.1845   0.0134058
         655     1.26627     1.18463   0.0133859
         656      1.2671     1.18475   0.0133661
         657     1.26794     1.18488   0.0133464
         658     1.26879     1.18501   0.0133267
         659     1.26965     1.18513   0.0133071
         660     1.27052     1.18526   0.0132876
         661     1.27141     1.18539   0.0132681
         662      1.2723     1.18552   0.0132487
         663      1.2732     1.18566   0.0132294
         664     1.27411     1.18579   0.0132101
         665     1.27501     1.18592   0.0131909
         666     1.27592     1.18606   0.0131718
         667     1.27683      1.1862   0.0131528
         668     1.27774     1.18633   0.0131338
         669     1.27865     1.18647   0.0131149
         670     1.27956     1.18661   0.0130961
         671     1.28046     1.18675   0.0130773
         672     1.28135     1.18689   0.0130586
         673     1.28224     1.18703     0.01304
         674     1.28311     1.18717   0.0130214
         675     1.28398     1.18732   0.0130029
         676     1.28483     1.18746   0.0129844
         677     1.28567     1.18761   0.0129661
         678     1.28649     1.18775   0.0129478
         679      1.2873      1.1879   0.0129295
         680     1.28808     1.18805   0.0129114
         681     1.28884     1.18819   0.0128932
         682     1.28959     1.18834   0.0128752
         683      1.2903     1.18849   0.0128572
         684       1.291     1.18864   0.0128393
         685     1.29166     1.18879   0.0128214
         686      1.2923     1.18894   0.0128036
         687     1.29291      1.1891   0.0127859
         688     1.29349     1.18925   0.0127682
         689     1.29404      1.1894   0.0127506
         690     1.29456     1.18955    0.012733
         691     1.29505      1.1897   0.0127155
         692      1.2955     1.18986    0.012698
         693     1.29591     1.19001   0.0126806
         694     1.29629     1.19016   0.0126633
         695     1.29664     1.19032    0.012646
         696     1.29695     1.19047   0.0126288
         697     1.29722     1.19062   0.0126116
         698     1.29745     1.19078   0.0125944
         699     1.29765     1.19093   0.0125773
         700      1.2978     1.19108   0.0125603
         701     1.29792     1.19123   0.0125433
         702     1.29799     1.19139   0.0125264
         703     1.29802     1.19154   0.0125095
         704     1.29802     1.19169   0.0124926
         705     1.29797     1.19184   0.0124758
         706     1.29788     1.19199    0.012459
         707     1.29775     1.19214   0.0124423
         708     1.29758     1.19229   0.0124256
         709     1.29738     1.19244    0.012409
         710     1.29713     1.19258   0.0123924
         711     1.29684     1.19273   0.0123758
         712      1.2965     1.19288   0.0123593
         713     1.29613     1.19302   0.0123428
         714     1.29572     1.19316   0.0123264
         715     1.29527     1.19331   0.0123099
         716     1.29478     1.19345   0.0122936
         717     1.29425     1.19359   0.0122772
         718     1.29368     1.19373   0.0122609
         719     1.29308     1.19387   0.0122446
         720     1.29244       1.194   0.0122284
         721     1.29176     1.19414   0.0122122
         722     1.29105     1.19427    0.012196
         723     1.29029     1.19441   0.0121799
         724     1.28951     1.19454   0.0121638
         725     1.28869     1.19467   0.0121477
         726     1.28783      1.1948   0.0121316
         727     1.28695     1.19492   0.0121156
         728     1.28603     1.19505   0.0120996
         729     1.28508     1.19517   0.0120836
         730      1.2841     1.19529   0.0120677
         731     1.28309     1.19541   0.0120518
         732     1.28204     1.19553   0.0120359
         733     1.28097     1.19565     0.01202
         734     1.27987     1.19576   0.0120042
         735     1.27874     1.19588   0.0119884
         736     1.27758     1.19599   0.0119726
         737      1.2764      1.1961   0.0119569
         738     1.27519      1.1962   0.0119412
         739     1.27396     1.19631   0.0119255
         740     1.27271     1.19641   0.0119098
         741     1.27144     1.19651   0.0118942
         742     1.27014     1.19661   0.0118785
         743     1.26882     1.19671    0.011863
         744     1.26748     1.19681   0.0118474
         745     1.26612      1.1969   0.0118319
         746     1.26475     1.19699   0.0118163
         747     1.26336     1.19708   0.0118009
         748     1.26195     1.19716   0.0117854
         749     1.26053     1.19725     0.01177
         750     1.25911     1.19733   0.0117546
         751     1.25767     1.19741   0.0117392
         752     1.25622     1.19749   0.0117238
         753     1.25477     1.19757   0.0117085
         754     1.25332     1.19764   0.0116932
         755     1.25186     1.19771    0.011678
         756      1.2504     1.19778   0.0116627
         757     1.24894     1.19785   0.0116475
         758     1.24749     1.19791   0.0116323
         759     1.24604     1.19798   0.0116172
         760     1.24459     1.19804    0.011602
         761     1.24315      1.1981   0.0115869
         762     1.24172     1.19816   0.0115719
         763      1.2403     1.19821   0.0115568
         764      1.2389     1.19826   0.0115418
         765     1.23751     1.19832   0.0115269
         766     1.23614     1.19837   0.0115119
         767     1.23478     1.19841    0.011497
         768     1.23345     1.19846   0.0114821
         769     1.23214      1.1985   0.0114673
         770     1.23085     1.19854   0.0114525
         771     1.22959     1.19858   0.0114377
         772     1.22836     1.19862   0.0114229
         773     1.22716     1.19866   0.0114082
         774     1.22599      1.1987   0.0113935
         775     1.22485     1.19873   0.0113789
         776     1.22375     1.19876   0.0113643
         777     1.22269     1.19879   0.0113497
         778     1.22166     1.19882   0.0113351
         779     1.22067     1.19885   0.0113206
         780     1.21971     1.19888   0.0113061
         781      1.2188      1.1989   0.0112917
         782     1.21794     1.19893   0.0112773
         783     1.21711     1.19895   0.0112629
         784     1.21632     1.19897   0.0112486
         785     1.21558     1.19899   0.0112342
         786     1.21489     1.19901     0.01122
         787     1.21424     1.19903   0.0112057
         788     1.21364     1.19905   0.0111915
         789     1.21308     1.19907   0.0111774
         790     1.21256     1.19909   0.0111632
         791     1.21209      1.1991   0.0111491
         792     1.21166     1.19912   0.0111351
         793     1.21128     1.19913    0.011121
         794     1.21094     1.19915    0.011107
         795     1.21064     1.19916   0.0110931
         796     1.21039     1.19918   0.0110791
         797     1.21018     1.19919   0.0110652
         798     1.21001      1.1992   0.0110514
         799     1.20989     1.19922   0.0110376
         800      1.2098     1.19923   0.0110238
         801     1.20976     1.19924     0.01101
         802     1.20975     1.19926   0.0109963
         803     1.20978     1.19927   0.0109826
         804     1.20984     1.19928    0.010969
         805     1.20994      1.1993   0.0109553
         806     1.21008     1.19931   0.0109418
         807     1.21025     1.19932   0.0109282
         808     1.21045     1.19934   0.0109147
         809     1.21069     1.19935   0.0109012
         810     1.21095     1.19937   0.0108878
         811     1.21125     1.19938   0.0108743
         812     1.21158      1.1994    0.010861
         813     1.21193     1.19941   0.0108476
         814     1.21232     1.19943   0.0108343
         815     1.21273     1.19944    0.010821
         816     1.21316     1.19946   0.0108078
         817     1.21363     1.19948   0.0107946
         818     1.21412     1.19949   0.0107814
         819     1.21463     1.19951   0.0107682
         820     1.21517     1.19953   0.0107551
         821     1.21573     1.19955    0.010742
         822     1.21631     1.19957    0.010729
         823     1.21692     1.19959    0.010716
         824     1.21755     1.19962    0.010703
         825      1.2182     1.19964     0.01069
         826     1.21887     1.19966   0.0106771
         827     1.21957     1.19969   0.0106642
         828     1.22028     1.19971   0.0106514
         829     1.22101     1.19974   0.0106386
         830     1.22177     1.19976   0.0106258
         831     1.22254     1.19979    0.010613
         832     1.22333     1.19982   0.0106003
         833     1.22413     1.19985   0.0105876
         834     1.22495     1.19988    0.010575
         835     1.22579     1.19991   0.0105624
         836     1.22664     1.19994   0.0105498
         837     1.22751     1.19997   0.0105372
         838     1.22839     1.20001   0.0105247
         839     1.22929     1.20004   0.0105122
         840     1.23019     1.20008   0.0104998
         841     1.23111     1.20011   0.0104873
         842     1.23204     1.20015   0.0104749
         843     1.23297     1.20019   0.0104626
         844     1.23392     1.20023   0.0104503
         845     1.23487     1.20027    0.010438
         846     1.23582     1.20031   0.0104257
         847     1.23678     1.20036   0.0104135
         848     1.23773      1.2004   0.0104013
         849      1.2387     1.20045   0.0103892
         850     1.23966     1.20049   0.0103771
         851     1.24062     1.20054    0.010365
         852     1.24157     1.20059   0.0103529
         853     1.24252     1.20064   0.0103409
         854     1.24346     1.20069   0.0103289
         855      1.2444     1.20074    0.010317
         856     1.24533     1.20079    0.010305
         857     1.24625     1.20084   0.0102931
         858     1.24715      1.2009   0.0102813
         859     1.24804     1.20095   0.0102695
         860     1.24891     1.20101   0.0102577
         861     1.24976     1.20107   0.0102459
         862     1.25058     1.20112   0.0102342
         863     1.25139     1.20118   0.0102225
         864     1.25217     1.20124   0.0102108
         865     1.25292      1.2013   0.0101992
         866     1.25365     1.20136   0.0101876
         867     1.25434     1.20142    0.010176
         868       1.255     1.20148   0.0101645
         869     1.25562     1.20155    0.010153
         870      1.2562     1.20161   0.0101415
         871     1.25675     1.20167   0.0101301
         872     1.25725     1.20174   0.0101187
         873     1.25771      1.2018   0.0101073
         874     1.25813     1.20186   0.0100959
         875      1.2585     1.20193   0.0100846
         876     1.25882     1.20199   0.0100733
         877     1.25909     1.20206    0.010062
         878     1.25931     1.20212   0.0100508
         879     1.25947     1.20219   0.0100395
         880     1.25958     1.20225   0.0100283
         881     1.25964     1.20232   0.0100172
         882     1.25963     1.20238    0.010006
         883     1.25957     1.20245   0.0099949
         884     1.25945     1.20251   0.0099838
         885     1.25926     1.20258  0.00997273
         886     1.25902     1.20264  0.00996167
         887     1.25872      1.2027  0.00995064
         888     1.25835     1.20277  0.00993963
         889     1.25793     1.20283  0.00992865
         890     1.25744     1.20289  0.00991768
         891     1.25689     1.20295  0.00990674
         892     1.25628     1.20301  0.00989581
         893     1.25561     1.20307   0.0098849
         894     1.25488     1.20313  0.00987402
         895     1.25409     1.20318  0.00986315
         896     1.25323     1.20324   0.0098523
         897     1.25232      1.2033  0.00984147
         898     1.25135     1.20335  0.00983065
         899     1.25033      1.2034  0.00981986
         900     1.24925     1.20345  0.00980908
         901     1.24812      1.2035  0.00979832
         902     1.24695     1.20355  0.00978757
         903     1.24572      1.2036  0.00977684
         904     1.24445     1.20364  0.00976613
         905     1.24313     1.20369  0.00975544
         906     1.24178     1.20373  0.00974476
         907     1.24038     1.20377   0.0097341
         908     1.23895     1.20381  0.00972346
         909     1.23748     1.20384  0.00971283
         910     1.23599     1.20388  0.00970222
         911     1.23447     1.20391  0.00969163
         912     1.23292     1.20394  0.00968106
         913     1.23136     1.20397   0.0096705
         914     1.22977       1.204  0.00965996
         915     1.22818     1.20403  0.00964944
         916     1.22657     1.20405  0.00963894
         917     1.22495     1.20408  0.00962845
         918     1.22334      1.2041  0.00961799
         919     1.22172     1.20412  0.00960754
         920      1.2201     1.20413  0.00959711
         921      1.2185     1.20415  0.00958671
         922      1.2169     1.20416  0.00957632
         923     1.21532     1.20418  0.00956595
         924     1.21376     1.20419   0.0095556
         925     1.21222     1.20419  0.00954528
         926      1.2107      1.2042  0.00953497
         927     1.20922     1.20421  0.00952469
         928     1.20776     1.20421  0.00951442
         929     1.20635     1.20421  0.00950418
         930     1.20497     1.20421  0.00949396
         931     1.20363     1.20421  0.00948377
         932     1.20234     1.20421  0.00947359
         933     1.20109     1.20421  0.00946344
         934      1.1999      1.2042  0.00945331
         935     1.19876      1.2042   0.0094432
         936     1.19767     1.20419  0.00943311
         937     1.19665     1.20418  0.00942305
         938     1.19568     1.20417    0.009413
         939     1.19478     1.20416  0.00940299
         940     1.19393     1.20415  0.00939299
         941     1.19315     1.20414  0.00938301
         942     1.19244     1.20413  0.00937306
         943      1.1918     1.20412  0.00936313
         944     1.19123      1.2041  0.00935322
         945     1.19072     1.20409  0.00934334
         946     1.19029     1.20407  0.00933347
         947     1.18992     1.20406  0.00932363
         948     1.18963     1.20404   0.0093138
         949     1.18941     1.20403    0.009304
         950     1.18926     1.20401  0.00929422
         951     1.18918       1.204  0.00928446
         952     1.18917     1.20398  0.00927472
         953     1.18923     1.20397    0.009265
         954     1.18935     1.20395   0.0092553
         955     1.18954     1.20393  0.00924562
         956     1.18979     1.20392  0.00923597
         957     1.19011     1.20391  0.00922633
         958     1.19049     1.20389  0.00921671
         959     1.19093     1.20388   0.0092071
         960     1.19142     1.20386  0.00919752
         961     1.19197     1.20385  0.00918796
         962     1.19257     1.20384  0.00917842
         963     1.19322     1.20383  0.00916889
         964     1.19391     1.20382  0.00915939
         965     1.19465     1.20381   0.0091499
         966     1.19543      1.2038  0.00914043
         967     1.19625     1.20379  0.00913098
         968     1.19709     1.20379  0.00912155
         969     1.19798     1.20378  0.00911214
         970     1.19888     1.20378  0.00910275
         971     1.19982     1.20377  0.00909338
         972     1.20077     1.20377  0.00908402
         973     1.20174     1.20377  0.00907469
         974     1.20272     1.20377  0.00906537
         975     1.20372     1.20377  0.00905607
         976     1.20471     1.20377  0.00904679
         977     1.20571     1.20377  0.00903753
         978      1.2067     1.20377  0.00902829
         979     1.20769     1.20378  0.00901907
         980     1.20866     1.20378  0.00900987
         981     1.20962     1.20379  0.00900069
         982     1.21056     1.20379  0.00899152
         983     1.21148      1.2038  0.00898238
         984     1.21237     1.20381  0.00897326
         985     1.21323     1.20382  0.00896415
         986     1.21406     1.20383  0.00895507
         987     1.21484     1.20384    0.008946
         988     1.21559     1.20385  0.00893695
         989     1.21629     1.20387  0.00892793
         990     1.21694     1.20388  0.00891892
         991     1.21754     1.20389  0.00890993
         992     1.21808     1.20391  0.00890096
         993     1.21857     1.20392  0.00889201
         994       1.219     1.20394  0.00888307
         995     1.21936     1.20395  0.00887416
         996     1.21966     1.20397  0.00886526
         997     1.21989     1.20398  0.00885639
         998     1.22004       1.204  0.00884753
         999     1.22012     1.20402  0.00883868
        1000     1.22013     1.20403  0.00882986
        1001     1.22006     1.20405  0.00882105
        1002      1.2199     1.20406  0.00881226
        1003     1.21968     1.20408  0.00880349
        1004     1.21937     1.20409  0.00879474
        1005     1.21897     1.20411    0.008786
        1006      1.2185     1.20412  0.00877728
        1007     1.21794     1.20414  0.00876857
        1008      1.2173     1.20415  0.00875988
        1009     1.21658     1.20416  0.00875121
        1010     1.21577     1.20417  0.00874255
        1011     1.21489     1.20418  0.00873391
        1012     1.21392     1.20419  0.00872529
        1013     1.21287      1.2042  0.00871668
        1014     1.21174     1.20421  0.00870808
        1015     1.21053     1.20422  0.00869951
        1016     1.20925     1.20422  0.00869095
        1017     1.20789     1.20423   0.0086824
        1018     1.20647     1.20423  0.00867387
        1019     1.20497     1.20423  0.00866536
        1020      1.2034     1.20423  0.00865686
        1021     1.20178     1.20422  0.00864839
        1022     1.20009     1.20422  0.00863992
        1023     1.19834     1.20422  0.00863148
        1024     1.19655     1.20421  0.00862305
        1025      1.1947      1.2042  0.00861465
        1026     1.19281     1.20419  0.00860626
        1027     1.19087     1.20417  0.00859789
        1028      1.1889     1.20416  0.00858954
        1029      1.1869     1.20414  0.00858121
        1030     1.18487     1.20412  0.00857289
        1031     1.18281      1.2041   0.0085646
        1032     1.18074     1.20408  0.00855634
        1033     1.17866     1.20406  0.00854809
        1034     1.17657     1.20403  0.00853986
        1035     1.17448       1.204  0.00853166
        1036      1.1724     1.20397  0.00852348
        1037     1.17032     1.20394  0.00851532
        1038     1.16826      1.2039  0.00850719
        1039     1.16622     1.20387  0.00849908
        1040     1.16421     1.20383  0.00849099
        1041     1.16223     1.20379  0.00848293
        1042     1.16028     1.20375  0.00847489
        1043     1.15839      1.2037  0.00846687
        1044     1.15654     1.20366  0.00845889
        1045     1.15474     1.20361  0.00845092
        1046     1.15301     1.20356  0.00844298
        1047     1.15134     1.20351  0.00843506
        1048     1.14975     1.20346  0.00842717
        1049     1.14823     1.20341   0.0084193
        1050     1.14679     1.20336  0.00841146
        1051     1.14544      1.2033  0.00840363
        1052     1.14417     1.20324  0.00839583
        1053     1.14301     1.20319  0.00838805
        1054     1.14194     1.20313   0.0083803
        1055     1.14098     1.20307  0.00837256
        1056     1.14012     1.20301  0.00836484
        1057     1.13937     1.20295  0.00835715
        1058     1.13874     1.20289  0.00834947
        1059     1.13822     1.20283  0.00834181
        1060     1.13781     1.20277  0.00833416
        1061     1.13753     1.20271  0.00832654
        1062     1.13736     1.20264  0.00831892
        1063     1.13732     1.20258  0.00831132
        1064      1.1374     1.20252  0.00830374
        1065      1.1376     1.20246  0.00829616
        1066     1.13793      1.2024   0.0082886
        1067     1.13838     1.20234  0.00828105
        1068     1.13896     1.20228  0.00827351
        1069     1.13965     1.20222  0.00826598
        1070     1.14047     1.20216  0.00825845
        1071     1.14141     1.20211  0.00825094
        1072     1.14247     1.20205  0.00824343
        1073     1.14364       1.202  0.00823593
        1074     1.14493     1.20194  0.00822843
        1075     1.14633     1.20189  0.00822094
        1076     1.14785     1.20184  0.00821345
        1077     1.14946     1.20179  0.00820597
        1078     1.15119     1.20175  0.00819849
        1079     1.15301      1.2017  0.00819102
        1080     1.15493     1.20166  0.00818355
        1081     1.15694     1.20162  0.00817608
        1082     1.15905     1.20158  0.00816862
        1083     1.16124     1.20154  0.00816116
        1084     1.16351     1.20151  0.00815371
        1085     1.16586     1.20147  0.00814626
        1086     1.16829     1.20144  0.00813882
        1087     1.17078     1.20141  0.00813138
        1088     1.17334     1.20139  0.00812394
        1089     1.17596     1.20136  0.00811652
        1090     1.17863     1.20134   0.0081091
        1091     1.18136     1.20133  0.00810169
        1092     1.18413     1.20131  0.00809428
        1093     1.18695      1.2013  0.00808689
        1094     1.18981     1.20129   0.0080795
        1095      1.1927     1.20128  0.00807213
        1096     1.19563     1.20127  0.00806476
        1097     1.19857     1.20127  0.00805741
        1098     1.20154     1.20127  0.00805007
        1099     1.20452     1.20127  0.00804275
        1100     1.20751     1.20128  0.00803544
        1101     1.21051     1.20129  0.00802815
        1102     1.21352      1.2013  0.00802087
        1103     1.21652     1.20131  0.00801361
        1104     1.21952     1.20133  0.00800637
        1105      1.2225     1.20135  0.00799915
        1106     1.22548     1.20137  0.00799194
        1107     1.22843     1.20139  0.00798476
        1108     1.23136     1.20142   0.0079776
        1109     1.23427     1.20145  0.00797046
        1110     1.23714     1.20148  0.00796335
        1111     1.23998     1.20152  0.00795625
        1112     1.24277     1.20156  0.00794918
        1113     1.24552     1.20159  0.00794214
        1114     1.24823     1.20164  0.00793512
        1115     1.25088     1.20168  0.00792813
        1116     1.25348     1.20173  0.00792116
        1117     1.25603     1.20178  0.00791422
        1118     1.25851     1.20183   0.0079073
        1119     1.26092     1.20188  0.00790041
        1120     1.26327     1.20193  0.00789355
        1121     1.26554     1.20199  0.00788671
        1122     1.26775     1.20205   0.0078799
        1123     1.26987     1.20211  0.00787311
        1124     1.27192     1.20217  0.00786635
        1125     1.27388     1.20224  0.00785962
        1126     1.27575      1.2023  0.00785291
        1127     1.27754     1.20237  0.00784623
        1128     1.27924     1.20244  0.00783957
        1129     1.28084     1.20251  0.00783293
        1130     1.28235     1.20258  0.00782632
        1131     1.28377     1.20265  0.00781973
        1132     1.28509     1.20272  0.00781316
        1133     1.28631     1.20279  0.00780661
        1134     1.28742     1.20287  0.00780008
        1135     1.28844     1.20294  0.00779357
        1136     1.28935     1.20302  0.00778708
        1137     1.29016      1.2031  0.00778061
        1138     1.29086     1.20317  0.00777416
        1139     1.29145     1.20325  0.00776772
        1140     1.29194     1.20333  0.00776129
        1141     1.29232     1.20341  0.00775488
        1142      1.2926     1.20349  0.00774849
        1143     1.29276     1.20356   0.0077421
        1144     1.29283     1.20364  0.00773573
        1145     1.29278     1.20372  0.00772936
        1146     1.29263      1.2038  0.00772301
        1147     1.29237     1.20387  0.00771666
        1148       1.292     1.20395  0.00771032
        1149     1.29153     1.20403  0.00770399
        1150     1.29095      1.2041  0.00769766
        1151     1.29027     1.20418  0.00769133
        1152     1.28948     1.20425  0.00768501
        1153     1.28859     1.20433   0.0076787
        1154      1.2876      1.2044  0.00767238
        1155     1.28651     1.20447  0.00766607
        1156     1.28532     1.20454  0.00765976
        1157     1.28403     1.20461  0.00765344
        1158     1.28264     1.20467  0.00764713
        1159     1.28117     1.20474  0.00764082
        1160      1.2796     1.20481   0.0076345
        1161     1.27795     1.20487  0.00762819
        1162     1.27621     1.20493  0.00762187
        1163     1.27438     1.20499  0.00761555
        1164     1.27248     1.20505  0.00760923
        1165      1.2705      1.2051   0.0076029
        1166     1.26844     1.20516  0.00759658
        1167      1.2663     1.20521  0.00759025
        1168     1.26408     1.20526  0.00758392
        1169      1.2618     1.20531  0.00757759
        1170     1.25945     1.20536  0.00757125
        1171     1.25703      1.2054  0.00756491
        1172     1.25455     1.20544  0.00755857
        1173     1.25201     1.20548  0.00755223
        1174     1.24941     1.20552  0.00754589
        1175     1.24676     1.20555  0.00753955
        1176     1.24407     1.20559  0.00753321
        1177     1.24133     1.20562  0.00752687
        1178     1.23854     1.20564  0.00752054
        1179     1.23571     1.20567   0.0075142
        1180     1.23285     1.20569  0.00750787
        1181     1.22996     1.20571  0.00750154
        1182     1.22703     1.20573  0.00749522
        1183     1.22408     1.20575   0.0074889
        1184      1.2211     1.20576  0.00748258
        1185     1.21811     1.20577  0.00747627
        1186     1.21509     1.20578  0.00746997
        1187     1.21207     1.20578  0.00746368
        1188     1.20903     1.20579   0.0074574
        1189     1.20599     1.20579  0.00745113
        1190     1.20295     1.20578  0.00744487
        1191     1.19991     1.20578  0.00743862
        1192     1.19688     1.20577  0.00743238
        1193     1.19386     1.20576  0.00742616
        1194     1.19085     1.20575  0.00741995
        1195     1.18786     1.20573  0.00741376
        1196     1.18489     1.20572  0.00740758
        1197     1.18194      1.2057  0.00740142
        1198     1.17903     1.20567  0.00739527
        1199     1.17614     1.20565  0.00738914
        1200     1.17329     1.20562  0.00738304
        1201     1.17048     1.20559  0.00737695
        1202     1.16772     1.20556  0.00737088
        1203       1.165     1.20553  0.00736483
        1204     1.16233     1.20549   0.0073588
        1205     1.15972     1.20545  0.00735279
        1206     1.15717     1.20541   0.0073468
        1207     1.15468     1.20537  0.00734083
        1208     1.15225     1.20533  0.00733489
        1209      1.1499     1.20528  0.00732897
        1210     1.14762     1.20524  0.00732306
        1211     1.14541     1.20519  0.00731718
        1212     1.14329     1.20513  0.00731132
        1213     1.14126     1.20508  0.00730549
        1214     1.13931     1.20503  0.00729967
        1215     1.13745     1.20497  0.00729387
        1216     1.13568     1.20492   0.0072881
        1217     1.13402     1.20486  0.00728234
        1218     1.13245      1.2048  0.00727661
        1219     1.13099     1.20474  0.00727089
        1220     1.12964     1.20468  0.00726519
        1221      1.1284     1.20461  0.00725951
        1222     1.12728     1.20455  0.00725384
        1223     1.12627     1.20449  0.00724819
        1224     1.12538     1.20442  0.00724256
        1225     1.12462     1.20436  0.00723694
        1226     1.12397     1.20429  0.00723133
        1227     1.12346     1.20422  0.00722574
        1228     1.12307     1.20416  0.00722016
        1229     1.12281     1.20409  0.00721459
        1230     1.12269     1.20403  0.00720903
        1231     1.12269     1.20396  0.00720347
        1232     1.12283     1.20389  0.00719793
        1233     1.12311     1.20383  0.00719239
        1234     1.12351     1.20376  0.00718685
        1235     1.12406      1.2037  0.00718132
        1236     1.12474     1.20364   0.0071758
        1237     1.12555     1.20357  0.00717027
        1238      1.1265     1.20351  0.00716475
        1239     1.12758     1.20345  0.00715923
        1240     1.12879     1.20339  0.00715371
        1241     1.13013     1.20333  0.00714819
        1242     1.13161     1.20327  0.00714267
        1243     1.13321     1.20322  0.00713714
        1244     1.13494     1.20316  0.00713162
        1245      1.1368     1.20311  0.00712609
        1246     1.13877     1.20306  0.00712056
        1247     1.14087     1.20301  0.00711502
        1248     1.14307     1.20296  0.00710948
        1249     1.14539     1.20291  0.00710394
        1250     1.14783     1.20287  0.00709839
        1251     1.15036     1.20283  0.00709284
        1252       1.153     1.20279  0.00708729
        1253     1.15573     1.20275  0.00708173
        1254     1.15856     1.20271  0.00707617
        1255     1.16147     1.20268  0.00707061
        1256     1.16446     1.20265  0.00706505
        1257     1.16753     1.20262  0.00705948
        1258     1.17068      1.2026  0.00705392
        1259      1.1739     1.20257  0.00704835
        1260     1.17718     1.20255  0.00704278
        1261     1.18052     1.20254  0.00703722
        1262     1.18391     1.20252  0.00703166
        1263     1.18735     1.20251   0.0070261
        1264     1.19084      1.2025  0.00702055
        1265     1.19436     1.20249    0.007015
        1266     1.19792     1.20249  0.00700946
        1267     1.20151     1.20249  0.00700393
        1268     1.20512     1.20249  0.00699841
        1269     1.20876      1.2025  0.00699289
        1270     1.21241      1.2025  0.00698739
        1271     1.21607     1.20251   0.0069819
        1272     1.21973     1.20253  0.00697643
        1273      1.2234     1.20254  0.00697097
        1274     1.22707     1.20256  0.00696552
        1275     1.23073     1.20259  0.00696009
        1276     1.23438     1.20261  0.00695468
        1277     1.23801     1.20264  0.00694929
        1278     1.24162     1.20267  0.00694392
        1279     1.24521      1.2027  0.00693857
        1280     1.24877     1.20274  0.00693324
        1281      1.2523     1.20278  0.00692794
        1282      1.2558     1.20282  0.00692266
        1283     1.25926     1.20286   0.0069174
        1284     1.26269     1.20291  0.00691217
        1285     1.26607     1.20296  0.00690697
        1286     1.26941     1.20301  0.00690179
        1287     1.27269     1.20306  0.00689664
        1288     1.27593     1.20312  0.00689152
        1289     1.27912     1.20318  0.00688642
        1290     1.28225     1.20324  0.00688136
        1291     1.28533      1.2033  0.00687632
        1292     1.28835     1.20337  0.00687132
        1293     1.29132     1.20344  0.00686634
        1294     1.29422     1.20351  0.00686139
        1295     1.29707     1.20358  0.00685647
        1296     1.29985     1.20365  0.00685158
        1297     1.30257     1.20373  0.00684673
        1298     1.30523     1.20381   0.0068419
        1299     1.30782     1.20389   0.0068371
        1300     1.31035     1.20397  0.00683233
        1301     1.31281     1.20405  0.00682759
        1302     1.31521     1.20414  0.00682288
        1303     1.31754     1.20423   0.0068182
        1304     1.31981     1.20432  0.00681355
        1305       1.322     1.20441  0.00680892
        1306     1.32413      1.2045  0.00680433
        1307     1.32619     1.20459  0.00679976
        1308     1.32818     1.20469  0.00679521
        1309     1.33011     1.20478   0.0067907
        1310     1.33198     1.20488  0.00678621
        1311     1.33377     1.20498  0.00678175
        1312      1.3355     1.20508  0.00677731
        1313     1.33716     1.20518  0.00677289
        1314     1.33876     1.20528   0.0067685
        1315     1.34028     1.20538  0.00676413
        1316     1.34174     1.20548  0.00675978
        1317     1.34314     1.20559  0.00675546
        1318     1.34446     1.20569  0.00675116
        1319     1.34572      1.2058  0.00674687
        1320     1.34691     1.20591  0.00674261
        1321     1.34804     1.20601  0.00673836
        1322     1.34909     1.20612  0.00673413
        1323     1.35008     1.20623  0.00672992
        1324       1.351     1.20634  0.00672573
        1325     1.35185     1.20645  0.00672155
        1326     1.35264     1.20656  0.00671738
        1327     1.35336     1.20667  0.00671323
        1328     1.35401     1.20678  0.00670909
        1329     1.35459     1.20689  0.00670497
        1330     1.35511     1.20701  0.00670085
        1331     1.35556     1.20712  0.00669675
        1332     1.35593     1.20723  0.00669265
        1333     1.35625     1.20734  0.00668856
        1334     1.35649     1.20745  0.00668448
        1335     1.35666     1.20756  0.00668041
        1336     1.35676     1.20768  0.00667634
        1337      1.3568     1.20779  0.00667228
        1338     1.35676      1.2079  0.00666823
        1339     1.35666     1.20801  0.00666417
        1340     1.35649     1.20812  0.00666012
        1341     1.35624     1.20823  0.00665607
        1342     1.35593     1.20834  0.00665202
        1343     1.35555     1.20845  0.00664797
        1344      1.3551     1.20856  0.00664392
        1345     1.35459     1.20867  0.00663986
        1346       1.354     1.20878  0.00663581
        1347     1.35334     1.20888  0.00663175
        1348     1.35261     1.20899  0.00662769
        1349     1.35181      1.2091  0.00662362
        1350     1.35095      1.2092  0.00661955
        1351     1.35001     1.20931  0.00661547
        1352       1.349     1.20941  0.00661138
        1353     1.34792     1.20951  0.00660729
        1354     1.34677     1.20961  0.00660319
        1355     1.34554     1.20971  0.00659907
        1356     1.34425     1.20981  0.00659495
        1357     1.34289     1.20991  0.00659082
        1358     1.34146     1.21001  0.00658668
        1359     1.33995      1.2101  0.00658253
        1360     1.33837      1.2102  0.00657836
        1361     1.33672     1.21029  0.00657419
        1362       1.335     1.21038     0.00657
        1363      1.3332     1.21047   0.0065658
        1364     1.33132     1.21056  0.00656158
        1365     1.32938     1.21065  0.00655735
        1366     1.32735     1.21073  0.00655311
        1367     1.32525     1.21082  0.00654885
        1368     1.32307      1.2109  0.00654458
        1369     1.32082     1.21098  0.00654029
        1370     1.31848     1.21106  0.00653598
        1371     1.31607     1.21113  0.00653167
        1372     1.31357     1.21121  0.00652733
        1373       1.311     1.21128  0.00652298
        1374     1.30835     1.21135  0.00651862
        1375     1.30562     1.21142  0.00651424
        1376      1.3028     1.21149  0.00650984
        1377     1.29991     1.21155  0.00650543
        1378     1.29693     1.21161    0.006501
        1379     1.29387     1.21167  0.00649656
        1380     1.29073     1.21173  0.00649211
        1381      1.2875     1.21179  0.00648764
        1382      1.2842     1.21184  0.00648316
        1383     1.28081     1.21189  0.00647866
        1384     1.27735     1.21193  0.00647415
        1385      1.2738     1.21198  0.00646963
        1386     1.27017     1.21202   0.0064651
        1387     1.26647     1.21206  0.00646056
        1388     1.26268      1.2121  0.00645601
        1389     1.25882     1.21213  0.00645145
        1390     1.25488     1.21216  0.00644688
        1391     1.25087     1.21219   0.0064423
        1392     1.24678     1.21221  0.00643772
        1393     1.24262     1.21224  0.00643314
        1394     1.23839     1.21225  0.00642855
        1395     1.23409     1.21227  0.00642396
        1396     1.22972     1.21228  0.00641937
        1397      1.2253     1.21229  0.00641478
        1398     1.22081      1.2123   0.0064102
        1399     1.21626      1.2123  0.00640562
        1400     1.21166      1.2123  0.00640104
        1401     1.20701      1.2123  0.00639647
        1402     1.20231     1.21229  0.00639192
        1403     1.19756     1.21228  0.00638737
        1404     1.19276     1.21227  0.00638283
        1405     1.18793     1.21225  0.00637831
        1406     1.18307     1.21223  0.00637381
        1407     1.17817      1.2122  0.00636933
        1408     1.17325     1.21218  0.00636486
        1409     1.16831     1.21214  0.00636042
        1410     1.16335     1.21211  0.00635601
        1411     1.15839     1.21207  0.00635162
        1412     1.15341     1.21203  0.00634725
        1413     1.14844     1.21198  0.00634292
        1414     1.14347     1.21194  0.00633862
        1415     1.13851     1.21188  0.00633435
        1416     1.13356     1.21183  0.00633012
        1417     1.12864     1.21177  0.00632593
        1418     1.12375     1.21171  0.00632177
        1419     1.11889     1.21164  0.00631765
        1420     1.11407     1.21157  0.00631358
        1421     1.10931      1.2115  0.00630954
        1422     1.10459     1.21143  0.00630556
        1423     1.09993     1.21135  0.00630161
        1424     1.09534     1.21127  0.00629771
        1425     1.09082     1.21118  0.00629386
        1426     1.08638      1.2111  0.00629005
        1427     1.08203       1.211   0.0062863
        1428     1.07776     1.21091  0.00628259
        1429      1.0736     1.21082  0.00627893
        1430     1.06953     1.21072  0.00627531
        1431     1.06558     1.21062  0.00627175
        1432     1.06174     1.21051  0.00626823
        1433     1.05803      1.2104  0.00626476
        1434     1.05445      1.2103  0.00626133
        1435       1.051     1.21019  0.00625795
        1436     1.04769     1.21007  0.00625462
        1437     1.04452     1.20996  0.00625133
        1438     1.04151     1.20984  0.00624808
        1439     1.03865     1.20972  0.00624487
        1440     1.03596      1.2096   0.0062417
        1441     1.03343     1.20948  0.00623856
        1442     1.03107     1.20935  0.00623546
        1443     1.02888     1.20923   0.0062324
        1444     1.02687      1.2091  0.00622936
        1445     1.02504     1.20898  0.00622635
        1446      1.0234     1.20885  0.00622337
        1447     1.02195     1.20872  0.00622041
        1448     1.02069     1.20859  0.00621746
        1449     1.01962     1.20846  0.00621454
        1450     1.01875     1.20833  0.00621163
        1451     1.01807      1.2082  0.00620874
        1452     1.01759     1.20806  0.00620585
        1453     1.01731     1.20793  0.00620296
        1454     1.01724      1.2078  0.00620008
        1455     1.01736     1.20767   0.0061972
        1456     1.01769     1.20754  0.00619432
        1457     1.01821     1.20741  0.00619143
        1458     1.01894     1.20728  0.00618854
        1459     1.01987     1.20715  0.00618563
        1460     1.02099     1.20703  0.00618271
        1461     1.02231      1.2069  0.00617977
        1462     1.02382     1.20677  0.00617681
        1463     1.02553     1.20665  0.00617383
        1464     1.02743     1.20653  0.00617082
        1465     1.02952     1.20641  0.00616779
        1466     1.03179     1.20629  0.00616474
        1467     1.03424     1.20617  0.00616165
        1468     1.03688     1.20605  0.00615853
        1469     1.03968     1.20594  0.00615538
        1470     1.04266     1.20583   0.0061522
        1471     1.04579     1.20572  0.00614898
        1472     1.04909     1.20562  0.00614572
        1473     1.05255     1.20551  0.00614243
        1474     1.05616     1.20541  0.00613909
        1475     1.05991     1.20531  0.00613572
        1476     1.06381     1.20522  0.00613232
        1477     1.06784     1.20512  0.00612887
        1478     1.07201     1.20503  0.00612538
        1479      1.0763     1.20495  0.00612186
        1480     1.08071     1.20486   0.0061183
        1481     1.08523     1.20478   0.0061147
        1482     1.08986      1.2047  0.00611107
        1483     1.09459     1.20463   0.0061074
        1484     1.09942     1.20456  0.00610369
        1485     1.10435     1.20449  0.00609996
        1486     1.10935     1.20443  0.00609619
        1487     1.11444     1.20437  0.00609239
        1488     1.11959     1.20431  0.00608856
        1489     1.12481     1.20426  0.00608471
        1490      1.1301     1.20421  0.00608083
        1491     1.13543     1.20416  0.00607692
        1492     1.14082     1.20412    0.006073
        1493     1.14625     1.20408  0.00606905
        1494     1.15171     1.20404  0.00606509
        1495     1.15721     1.20401  0.00606112
        1496     1.16273     1.20398  0.00605713
        1497     1.16827     1.20396  0.00605313
        1498     1.17382     1.20394  0.00604912
        1499     1.17938     1.20392  0.00604511
        1500     1.18495     1.20391  0.00604109
        1501     1.19051      1.2039  0.00603707
        1502     1.19606      1.2039  0.00603306
        1503      1.2016      1.2039  0.00602904
        1504     1.20712      1.2039  0.00602503
        1505     1.21261      1.2039  0.00602103
        1506     1.21807     1.20391  0.00601704
        1507     1.22349     1.20393  0.00601306
        1508     1.22887     1.20394   0.0060091
        1509     1.23421     1.20396  0.00600515
        1510     1.23949     1.20399  0.00600122
        1511     1.24472     1.20401  0.00599731
        1512     1.24989     1.20404  0.00599342
        1513       1.255     1.20408  0.00598955
        1514     1.26003     1.20411  0.00598571
        1515       1.265     1.20415  0.00598189
        1516     1.26988      1.2042  0.00597811
        1517     1.27468     1.20424  0.00597434
        1518     1.27939     1.20429  0.00597061
        1519     1.28401     1.20435  0.00596691
        1520     1.28853      1.2044  0.00596325
        1521     1.29296     1.20446  0.00595961
        1522     1.29728     1.20452  0.00595601
        1523      1.3015     1.20458  0.00595244
        1524     1.30561     1.20465   0.0059489
        1525      1.3096     1.20472   0.0059454
        1526     1.31347     1.20479  0.00594193
        1527     1.31723     1.20486  0.00593849
        1528     1.32086     1.20494  0.00593509
        1529     1.32437     1.20502  0.00593172
        1530     1.32775      1.2051  0.00592839
        1531       1.331     1.20518  0.00592509
        1532     1.33411     1.20527  0.00592182
        1533     1.33709     1.20535  0.00591858
        1534     1.33992     1.20544  0.00591537
        1535     1.34262     1.20553  0.00591219
        1536     1.34517     1.20562  0.00590904
        1537     1.34757     1.20571  0.00590592
        1538     1.34983     1.20581  0.00590282
        1539     1.35194      1.2059  0.00589975
        1540      1.3539       1.206   0.0058967
        1541      1.3557     1.20609  0.00589368
        1542     1.35736     1.20619  0.00589067
        1543     1.35886     1.20629  0.00588768
        1544     1.36021     1.20639  0.00588471
        1545     1.36141     1.20649  0.00588176
        1546     1.36245     1.20659  0.00587882
        1547     1.36334     1.20669  0.00587589
        1548     1.36407     1.20679  0.00587298
        1549     1.36464      1.2069  0.00587007
        1550     1.36506       1.207  0.00586717
        1551     1.36533      1.2071  0.00586427
        1552     1.36544      1.2072  0.00586138
        1553      1.3654      1.2073  0.00585849
        1554     1.36521     1.20741  0.00585561
        1555     1.36486     1.20751  0.00585271
        1556     1.36437     1.20761  0.00584982
        1557     1.36373     1.20771  0.00584692
        1558     1.36294     1.20781  0.00584402
        1559       1.362     1.20791  0.00584111
        1560     1.36092       1.208  0.00583819
        1561      1.3597      1.2081  0.00583526
        1562     1.35834      1.2082  0.00583231
        1563     1.35684     1.20829  0.00582936
        1564     1.35521     1.20839  0.00582639
        1565     1.35344     1.20848   0.0058234
        1566     1.35155     1.20857   0.0058204
        1567     1.34952     1.20866  0.00581738
        1568     1.34738     1.20875  0.00581434
        1569     1.34512     1.20884  0.00581129
        1570     1.34274     1.20892  0.00580821
        1571     1.34025     1.20901  0.00580511
        1572     1.33764     1.20909    0.005802
        1573     1.33493     1.20917  0.00579886
        1574     1.33212     1.20925   0.0057957
        1575     1.32921     1.20932  0.00579252
        1576     1.32621      1.2094  0.00578932
        1577     1.32312     1.20947   0.0057861
        1578     1.31994     1.20954  0.00578286
        1579     1.31669     1.20961  0.00577959
        1580     1.31335     1.20967  0.00577631
        1581     1.30995     1.20973    0.005773
        1582     1.30648      1.2098  0.00576968
        1583     1.30294     1.20985  0.00576633
        1584     1.29935     1.20991  0.00576297
        1585      1.2957     1.20997  0.00575959
        1586     1.29201     1.21002  0.00575619
        1587     1.28827     1.21007  0.00575277
        1588     1.28449     1.21011  0.00574934
        1589     1.28068     1.21016  0.00574589
        1590     1.27684      1.2102  0.00574243
        1591     1.27298     1.21024  0.00573896
        1592      1.2691     1.21028  0.00573547
        1593      1.2652     1.21031  0.00573198
        1594      1.2613     1.21034  0.00572847
        1595     1.25739     1.21037  0.00572496
        1596     1.25348      1.2104  0.00572143
        1597     1.24957     1.21042   0.0057179
        1598     1.24568     1.21045  0.00571437
        1599     1.24181     1.21047  0.00571083
        1600     1.23795     1.21048  0.00570728
        1601     1.23412      1.2105  0.00570374
        1602     1.23032     1.21051  0.00570019
        1603     1.22656     1.21052  0.00569664
        1604     1.22284     1.21053   0.0056931
        1605     1.21916     1.21053  0.00568955
        1606     1.21553     1.21054  0.00568601
        1607     1.21196     1.21054  0.00568247
        1608     1.20844     1.21054  0.00567894
        1609     1.20498     1.21053  0.00567541
        1610     1.20159     1.21053  0.00567189
        1611     1.19827     1.21052  0.00566837
        1612     1.19503     1.21051  0.00566486
        1613     1.19186      1.2105  0.00566136
        1614     1.18878     1.21048  0.00565787
        1615     1.18578     1.21047  0.00565439
        1616     1.18287     1.21045  0.00565092
        1617     1.18005     1.21043  0.00564745
        1618     1.17732     1.21041    0.005644
        1619     1.17469     1.21039  0.00564056
        1620     1.17216     1.21037  0.00563712
        1621     1.16973     1.21034   0.0056337
        1622     1.16741     1.21032  0.00563029
        1623      1.1652     1.21029  0.00562689
        1624      1.1631     1.21026   0.0056235
        1625      1.1611     1.21023  0.00562012
        1626     1.15922      1.2102  0.00561675
        1627     1.15746     1.21016  0.00561339
        1628     1.15581     1.21013  0.00561005
        1629     1.15427      1.2101  0.00560671
        1630     1.15286     1.21006  0.00560338
        1631     1.15156     1.21003  0.00560006
        1632     1.15038     1.20999  0.00559674
        1633     1.14932     1.20995  0.00559344
        1634     1.14837     1.20991  0.00559014
        1635     1.14754     1.20988  0.00558685
        1636     1.14683     1.20984  0.00558357
        1637     1.14624      1.2098   0.0055803
        1638     1.14576     1.20976  0.00557703
        1639      1.1454     1.20972  0.00557376
        1640     1.14515     1.20968   0.0055705
        1641     1.14501     1.20964  0.00556725
        1642     1.14498      1.2096    0.005564
        1643     1.14506     1.20956  0.00556075
        1644     1.14524     1.20952   0.0055575
        1645     1.14553     1.20949  0.00555426
        1646     1.14592     1.20945  0.00555102
        1647     1.14641     1.20941  0.00554778
        1648     1.14699     1.20937  0.00554455
        1649     1.14766     1.20933  0.00554131
        1650     1.14843      1.2093  0.00553807
        1651     1.14929     1.20926  0.00553484
        1652     1.15023     1.20922   0.0055316
        1653     1.15125     1.20919  0.00552837
        1654     1.15235     1.20915  0.00552513
        1655     1.15352     1.20912   0.0055219
        1656     1.15477     1.20909  0.00551866
        1657     1.15608     1.20906  0.00551542
        1658     1.15746     1.20902  0.00551218
        1659     1.15889     1.20899  0.00550894
        1660     1.16038     1.20897   0.0055057
        1661     1.16193     1.20894  0.00550246
        1662     1.16352     1.20891  0.00549922
        1663     1.16516     1.20888  0.00549597
        1664     1.16684     1.20886  0.00549273
        1665     1.16855     1.20883  0.00548948
        1666     1.17031     1.20881  0.00548624
        1667     1.17209     1.20879  0.00548299
        1668      1.1739     1.20877  0.00547974
        1669     1.17573     1.20875   0.0054765
        1670     1.17759     1.20873  0.00547325
        1671     1.17946     1.20871     0.00547
        1672     1.18135      1.2087  0.00546675
        1673     1.18325     1.20868  0.00546351
        1674     1.18517     1.20867  0.00546026
        1675     1.18708     1.20865  0.00545702
        1676       1.189     1.20864  0.00545377
        1677     1.19093     1.20863  0.00545053
        1678     1.19285     1.20862  0.00544729
        1679     1.19476     1.20861  0.00544405
        1680     1.19668     1.20861  0.00544082
        1681     1.19858      1.2086  0.00543758
        1682     1.20047      1.2086  0.00543435
        1683     1.20235     1.20859  0.00543113
        1684     1.20422     1.20859   0.0054279
        1685     1.20608     1.20859  0.00542468
        1686     1.20791     1.20859  0.00542146
        1687     1.20973     1.20859  0.00541825
        1688     1.21154     1.20859  0.00541504
        1689     1.21332     1.20859  0.00541183
        1690     1.21508      1.2086  0.00540863
        1691     1.21683      1.2086  0.00540544
        1692     1.21855     1.20861  0.00540225
        1693     1.22025     1.20861  0.00539906
        1694     1.22192     1.20862  0.00539588
        1695     1.22357     1.20863   0.0053927
        1696      1.2252     1.20864  0.00538953
        1697      1.2268     1.20865  0.00538637
        1698     1.22838     1.20866  0.00538321
        1699     1.22994     1.20868  0.00538005
        1700     1.23147     1.20869   0.0053769
        1701     1.23297      1.2087  0.00537376
        1702     1.23446     1.20872  0.00537063
        1703     1.23591     1.20873   0.0053675
        1704     1.23735     1.20875  0.00536437
        1705     1.23877     1.20877  0.00536125
        1706     1.24016     1.20879  0.00535814
        1707     1.24153     1.20881  0.00535504
        1708     1.24288     1.20883  0.00535194
        1709     1.24422     1.20885  0.00534885
        1710     1.24553     1.20887  0.00534576
        1711     1.24682     1.20889  0.00534269
        1712      1.2481     1.20891  0.00533961
        1713     1.24935     1.20894  0.00533655
        1714      1.2506     1.20896  0.00533349
        1715     1.25182     1.20899  0.00533044
        1716     1.25304     1.20901   0.0053274
        1717     1.25424     1.20904  0.00532436
        1718     1.25542     1.20907  0.00532133
        1719      1.2566     1.20909   0.0053183
        1720     1.25776     1.20912  0.00531529
        1721     1.25891     1.20915  0.00531228
        1722     1.26004     1.20918  0.00530927
        1723     1.26117     1.20921  0.00530628
        1724     1.26228     1.20924  0.00530329
        1725     1.26338     1.20927  0.00530031
        1726     1.26447      1.2093  0.00529733
        1727     1.26555     1.20934  0.00529437
        1728     1.26661     1.20937  0.00529141
        1729     1.26766      1.2094  0.00528845
        1730      1.2687     1.20944  0.00528551
        1731     1.26973     1.20947  0.00528257
        1732     1.27074     1.20951  0.00527964
        1733     1.27173     1.20954  0.00527671
        1734     1.27272     1.20958   0.0052738
        1735     1.27368     1.20962  0.00527089
        1736     1.27463     1.20965  0.00526798
        1737     1.27556     1.20969  0.00526509
        1738     1.27646     1.20973   0.0052622
        1739     1.27734     1.20977  0.00525931
        1740      1.2782     1.20981  0.00525644
        1741     1.27904     1.20985  0.00525357
        1742     1.27985     1.20989  0.00525071
        1743     1.28063     1.20993  0.00524785
        1744     1.28137     1.20997    0.005245
        1745     1.28208     1.21001  0.00524216
        1746     1.28276     1.21005  0.00523932
        1747      1.2834      1.2101  0.00523649
        1748       1.284     1.21014  0.00523367
        1749     1.28455     1.21018  0.00523085
        1750     1.28506     1.21022  0.00522803
        1751     1.28553     1.21027  0.00522523
        1752     1.28594     1.21031  0.00522242
        1753     1.28631     1.21035  0.00521962
        1754     1.28662      1.2104  0.00521683
        1755     1.28688     1.21044  0.00521404
        1756     1.28707     1.21048  0.00521125
        1757     1.28721     1.21053  0.00520847
        1758     1.28729     1.21057  0.00520569
        1759     1.28731     1.21061  0.00520291
        1760     1.28727     1.21066  0.00520014
        1761     1.28715      1.2107  0.00519737
        1762     1.28697     1.21074   0.0051946
        1763     1.28671     1.21079  0.00519183
        1764     1.28639     1.21083  0.00518906
        1765     1.28599     1.21087   0.0051863
        1766     1.28552     1.21092  0.00518353
        1767     1.28498     1.21096  0.00518077
        1768     1.28435       1.211    0.005178
        1769     1.28365     1.21104  0.00517524
        1770     1.28287     1.21108  0.00517248
        1771     1.28201     1.21112  0.00516971
        1772     1.28108     1.21116  0.00516694
        1773     1.28006      1.2112  0.00516418
        1774     1.27897     1.21124  0.00516141
        1775      1.2778     1.21127  0.00515863
        1776     1.27655     1.21131  0.00515586
        1777     1.27522     1.21135  0.00515308
        1778     1.27382     1.21138  0.00515031
        1779     1.27235     1.21142  0.00514752
        1780      1.2708     1.21145  0.00514474
        1781     1.26917     1.21148  0.00514195
        1782     1.26747     1.21151  0.00513916
        1783      1.2657     1.21154  0.00513637
        1784     1.26387     1.21157  0.00513358
        1785     1.26196      1.2116  0.00513078
        1786        1.26     1.21163  0.00512798
        1787     1.25796     1.21166  0.00512517
        1788     1.25587     1.21168  0.00512237
        1789     1.25371      1.2117  0.00511956
        1790      1.2515     1.21173  0.00511675
        1791     1.24924     1.21175  0.00511393
        1792     1.24692     1.21177  0.00511112
        1793     1.24456     1.21178   0.0051083
        1794     1.24215      1.2118  0.00510548
        1795      1.2397     1.21182  0.00510266
        1796      1.2372     1.21183  0.00509984
        1797     1.23467     1.21184  0.00509701
        1798     1.23211     1.21185  0.00509419
        1799     1.22951     1.21186  0.00509137
        1800     1.22689     1.21187  0.00508855
        1801     1.22424     1.21188  0.00508573
        1802     1.22158     1.21189  0.00508291
        1803     1.21889     1.21189  0.00508009
        1804     1.21619     1.21189  0.00507727
        1805     1.21348     1.21189  0.00507446
        1806     1.21076     1.21189  0.00507165
        1807     1.20804     1.21189  0.00506885
        1808     1.20532     1.21189  0.00506604
        1809      1.2026     1.21188  0.00506325
        1810     1.19989     1.21187  0.00506045
        1811     1.19718     1.21187  0.00505766
        1812      1.1945     1.21186  0.00505488
        1813     1.19183     1.21185  0.00505211
        1814     1.18918     1.21183  0.00504934
        1815     1.18656     1.21182  0.00504657
        1816     1.18396      1.2118  0.00504382
        1817      1.1814     1.21179  0.00504107
        1818     1.17888     1.21177  0.00503833
        1819     1.17639     1.21175   0.0050356
        1820     1.17395     1.21173  0.00503287
        1821     1.17155     1.21171  0.00503016
        1822      1.1692     1.21168  0.00502745
        1823      1.1669     1.21166  0.00502475
        1824     1.16466     1.21163  0.00502206
        1825     1.16248     1.21161  0.00501938
        1826     1.16035     1.21158  0.00501671
        1827     1.15829     1.21155  0.00501405
        1828      1.1563     1.21152   0.0050114
        1829     1.15438     1.21149  0.00500876
        1830     1.15252     1.21146  0.00500613
        1831     1.15074     1.21142   0.0050035
        1832     1.14904     1.21139  0.00500089
        1833     1.14742     1.21135  0.00499828
        1834     1.14587     1.21132  0.00499568
        1835     1.14441     1.21128  0.00499309
        1836     1.14303     1.21124  0.00499051
        1837     1.14174     1.21121  0.00498794
        1838     1.14054     1.21117  0.00498537
        1839     1.13943     1.21113  0.00498281
        1840      1.1384     1.21109  0.00498026
        1841     1.13747     1.21105  0.00497772
        1842     1.13663     1.21101  0.00497518
        1843     1.13589     1.21097  0.00497265
        1844     1.13524     1.21093  0.00497012
        1845     1.13469     1.21089   0.0049676
        1846     1.13423     1.21084  0.00496508
        1847     1.13386      1.2108  0.00496257
        1848      1.1336     1.21076  0.00496006
        1849     1.13342     1.21072  0.00495755
        1850     1.13334     1.21068  0.00495505
        1851     1.13335     1.21064  0.00495255
        1852     1.13346     1.21059  0.00495005
        1853     1.13366     1.21055  0.00494755
        1854     1.13395     1.21051  0.00494506
        1855     1.13433     1.21047  0.00494256
        1856      1.1348     1.21043  0.00494007
        1857     1.13536     1.21039  0.00493757
        1858     1.13601     1.21035  0.00493508
        1859     1.13674     1.21031  0.00493258
        1860     1.13755     1.21027  0.00493008
        1861     1.13845     1.21023  0.00492758
        1862     1.13943     1.21019  0.00492508
        1863     1.14048     1.21016  0.00492258
        1864     1.14161     1.21012  0.00492008
        1865     1.14281     1.21008  0.00491757
        1866     1.14407     1.21005  0.00491507
        1867      1.1454     1.21001  0.00491256
        1868      1.1468     1.20998  0.00491004
        1869     1.14825     1.20995  0.00490753
        1870     1.14975     1.20991  0.00490501
        1871     1.15132     1.20988  0.00490249
        1872     1.15293     1.20985  0.00489996
        1873     1.15459     1.20982  0.00489743
        1874     1.15629     1.20979   0.0048949
        1875     1.15803     1.20977  0.00489237
        1876     1.15981     1.20974  0.00488984
        1877     1.16161     1.20971   0.0048873
        1878     1.16345     1.20969  0.00488476
        1879     1.16531     1.20967  0.00488221
        1880     1.16719     1.20964  0.00487967
        1881     1.16909     1.20962  0.00487712
        1882       1.171      1.2096  0.00487458
        1883     1.17292     1.20958  0.00487203
        1884     1.17485     1.20956  0.00486947
        1885     1.17678     1.20955  0.00486692
        1886     1.17871     1.20953  0.00486437
        1887     1.18064     1.20951  0.00486182
        1888     1.18255      1.2095  0.00485926
        1889     1.18446     1.20949  0.00485671
        1890     1.18635     1.20947  0.00485415
        1891     1.18822     1.20946   0.0048516
        1892     1.19007     1.20945  0.00484905
        1893     1.19189     1.20944  0.00484649
        1894     1.19368     1.20944  0.00484394
        1895     1.19544     1.20943  0.00484139
        1896     1.19717     1.20942  0.00483884
        1897     1.19886     1.20942  0.00483629
        1898     1.20051     1.20941  0.00483375
        1899     1.20212     1.20941   0.0048312
        1900     1.20369      1.2094  0.00482866
        1901     1.20521      1.2094  0.00482612
        1902     1.20668      1.2094  0.00482359
        1903      1.2081      1.2094  0.00482105
        1904     1.20948      1.2094  0.00481852
        1905      1.2108      1.2094  0.00481599
        1906     1.21207      1.2094  0.00481346
        1907     1.21328      1.2094  0.00481094
        1908     1.21443     1.20941  0.00480842
        1909     1.21553     1.20941   0.0048059
        1910     1.21657     1.20941  0.00480339
        1911     1.21755     1.20942  0.00480087
        1912     1.21847     1.20942  0.00479837
        1913     1.21932     1.20943  0.00479586
        1914     1.22012     1.20943  0.00479336
        1915     1.22086     1.20944  0.00479086
        1916     1.22154     1.20945  0.00478836
        1917     1.22215     1.20945  0.00478587
        1918     1.22271     1.20946  0.00478338
        1919      1.2232     1.20947  0.00478089
        1920     1.22364     1.20947  0.00477841
        1921     1.22402     1.20948  0.00477593
        1922     1.22435     1.20949  0.00477345
        1923     1.22461      1.2095  0.00477097
        1924     1.22482      1.2095   0.0047685
        1925     1.22498     1.20951  0.00476603
        1926     1.22508     1.20952  0.00476356
        1927     1.22513     1.20953  0.00476109
        1928     1.22513     1.20954  0.00475863
        1929     1.22507     1.20955  0.00475617
        1930     1.22497     1.20955  0.00475371
        1931     1.22483     1.20956  0.00475126
        1932     1.22464     1.20957  0.00474881
        1933      1.2244     1.20958  0.00474636
        1934     1.22412     1.20958  0.00474391
        1935     1.22381     1.20959  0.00474146
        1936     1.22345      1.2096  0.00473902
        1937     1.22306     1.20961  0.00473658
        1938     1.22263     1.20961  0.00473414
        1939     1.22216     1.20962   0.0047317
        1940     1.22167     1.20962  0.00472927
        1941     1.22114     1.20963  0.00472683
        1942     1.22059     1.20964   0.0047244
        1943     1.22001     1.20964  0.00472197
        1944     1.21941     1.20965  0.00471955
        1945     1.21878     1.20965  0.00471712
        1946     1.21814     1.20966   0.0047147
        1947     1.21747     1.20966  0.00471228
        1948     1.21679     1.20966  0.00470986
        1949     1.21609     1.20967  0.00470745
        1950     1.21538     1.20967  0.00470503
        1951     1.21466     1.20967  0.00470262
        1952     1.21392     1.20967  0.00470022
        1953     1.21318     1.20968  0.00469781
        1954     1.21243     1.20968   0.0046954
        1955     1.21167     1.20968    0.004693
        1956     1.21091     1.20968   0.0046906
        1957     1.21014     1.20968  0.00468821
        1958     1.20937     1.20968  0.00468581
        1959     1.20861     1.20968  0.00468342
        1960     1.20784     1.20968  0.00468103
        1961     1.20707     1.20968  0.00467864
        1962     1.20631     1.20968  0.00467626
        1963     1.20555     1.20967  0.00467388
        1964      1.2048     1.20967   0.0046715
        1965     1.20405     1.20967  0.00466912
        1966     1.20331     1.20966  0.00466675
        1967     1.20258     1.20966  0.00466438
        1968     1.20186     1.20966  0.00466201
        1969     1.20115     1.20965  0.00465964
        1970     1.20045     1.20965  0.00465728
        1971     1.19976     1.20964  0.00465492
        1972     1.19907     1.20964  0.00465256
        1973      1.1984     1.20963  0.00465021
        1974     1.19775     1.20963  0.00464786
        1975      1.1971     1.20962  0.00464551
        1976     1.19646     1.20961  0.00464316
        1977     1.19584     1.20961  0.00464082
        1978     1.19523      1.2096  0.00463848
        1979     1.19463     1.20959  0.00463614
        1980     1.19405     1.20958  0.00463381
        1981     1.19348     1.20957  0.00463147
        1982     1.19292     1.20957  0.00462914
        1983     1.19237     1.20956  0.00462682
        1984     1.19183     1.20955  0.00462449
        1985      1.1913     1.20954  0.00462217
        1986     1.19079     1.20953  0.00461986
        1987     1.19028     1.20952  0.00461754
        1988     1.18979     1.20951  0.00461523
        1989     1.18931      1.2095  0.00461292
        1990     1.18883     1.20949  0.00461061
        1991     1.18837     1.20948  0.00460831
        1992     1.18791     1.20947  0.00460601
        1993     1.18747     1.20946  0.00460371
        1994     1.18703     1.20945  0.00460142
        1995      1.1866     1.20943  0.00459912
        1996     1.18619     1.20942  0.00459683
        1997     1.18578     1.20941  0.00459455
        1998     1.18538      1.2094  0.00459226
        1999     1.18499     1.20939  0.00458998
        2000     1.18461     1.20937   0.0045877
