#     BLOCK:  ACTUAL_PE:     PE_AVE:      ERROR:
           1    -7.85024    -7.85024           0
           2    -7.84958    -7.84991 0.000231284
           3    -7.84849    -7.84944 0.000415128
           4    -7.84697    -7.84882 0.000618264
           5    -7.84502    -7.84806 0.000841583
           6    -7.84263    -7.84715  0.00108404
           7    -7.83981    -7.84611  0.00134442
           8    -7.83656    -7.84491  0.00162163
           9    -7.83256    -7.84354  0.00193709
          10    -7.82813      -7.842  0.00227491
          11    -7.82231    -7.84021  0.00268108
          12     -7.8164    -7.83823  0.00310626
          13    -7.81039    -7.83608  0.00352888
          14    -7.80299    -7.83372  0.00399069
          15     -7.7955    -7.83117   0.0044646
          16    -7.78824    -7.82849  0.00492632
          17    -7.77863    -7.82556  0.00544006
          18    -7.76925    -7.82243  0.00596983
          19    -7.75946    -7.81911  0.00651077
          20     -7.7483    -7.81557  0.00708291
          21    -7.73737    -7.81185  0.00766222
          22    -7.72572    -7.80793  0.00825365
          23    -7.71335    -7.80382  0.00886032
          24    -7.70186    -7.79957  0.00945492
          25    -7.69062    -7.79522   0.0100309
          26    -7.67801    -7.79071   0.0106098
          27    -7.66338    -7.78599    0.011216
          28    -7.64998    -7.78113   0.0118207
          29    -7.63651    -7.77615   0.0124206
          30    -7.62103    -7.77098   0.0130385
          31    -7.60614    -7.76566   0.0136592
          32    -7.59215    -7.76024   0.0142679
          33    -7.57811    -7.75472   0.0148647
          34    -7.56368     -7.7491    0.015453
          35    -7.54759    -7.74334   0.0160482
          36    -7.53274    -7.73749   0.0166346
          37    -7.51622    -7.73151   0.0172265
          38    -7.50032    -7.72543   0.0178151
          39    -7.48341    -7.71922   0.0184075
          40    -7.46614     -7.7129   0.0190035
          41    -7.44918    -7.70646   0.0195984
          42    -7.43251    -7.69994    0.020188
          43     -7.4139    -7.69329   0.0207856
          44     -7.3956    -7.68652    0.021386
          45    -7.37697    -7.67964   0.0219893
          46    -7.35836    -7.67266   0.0225933
          47    -7.33976    -7.66558   0.0231963
          48    -7.31988    -7.65837   0.0238049
          49    -7.29972    -7.65105   0.0244184
          50    -7.28024    -7.64364   0.0250309
          51    -7.26049    -7.63613   0.0256428
          52    -7.24015    -7.62851    0.026256
          53    -7.21859    -7.62078   0.0268756
          54    -7.19744    -7.61294   0.0274975
          55    -7.17637      -7.605   0.0281199
          56    -7.15444    -7.59695   0.0287457
          57     -7.1323     -7.5888   0.0293745
          58    -7.11094    -7.58056   0.0300013
          59    -7.08973    -7.57224   0.0306245
          60    -7.06802    -7.56384   0.0312459
          61    -7.04648    -7.55536    0.031864
          62     -7.0248     -7.5468   0.0324788
          63    -7.00268    -7.53816   0.0330917
          64    -6.98044    -7.52945   0.0337026
          65    -6.95844    -7.52067   0.0343099
          66     -6.9354     -7.5118   0.0349172
          67    -6.91327    -7.50286   0.0355204
          68    -6.89077    -7.49386   0.0361206
          69    -6.86729    -7.48478   0.0367208
          70    -6.84444    -7.47563   0.0373183
          71    -6.82194    -7.46643   0.0379114
          72    -6.79914    -7.45716    0.038501
          73     -6.7764    -7.44783   0.0390866
          74    -6.75438    -7.43846   0.0396659
          75    -6.73245    -7.42905   0.0402385
          76    -6.71063     -7.4196   0.0408043
          77     -6.6883     -7.4101   0.0413649
          78    -6.66676    -7.40057    0.041918
          79    -6.64507    -7.39101   0.0424643
          80    -6.62389    -7.38142   0.0430025
          81     -6.6026     -7.3718   0.0435332
          82    -6.58186    -7.36217   0.0440553
          83    -6.56137    -7.35252   0.0445685
          84    -6.54115    -7.34286   0.0450725
          85    -6.52089    -7.33319   0.0455678
          86    -6.50158    -7.32352   0.0460525
          87    -6.48227    -7.31385   0.0465273
          88    -6.46297    -7.30418   0.0469925
          89    -6.44436    -7.29452   0.0474472
          90    -6.42579    -7.28487   0.0478918
          91    -6.40728    -7.27523   0.0483267
          92     -6.3895     -7.2656   0.0487509
          93    -6.37246    -7.25599   0.0491636
          94    -6.35585    -7.24642   0.0495644
          95    -6.33968    -7.23687   0.0499532
          96    -6.32332    -7.22736   0.0503311
          97    -6.30806    -7.21788   0.0506967
          98    -6.29329    -7.20845   0.0510497
          99    -6.27834    -7.19905   0.0513913
         100    -6.26422     -7.1897   0.0517206
         101    -6.25059     -7.1804   0.0520376
         102     -6.2378    -7.17116   0.0523416
         103    -6.22551    -7.16198   0.0526325
         104    -6.21342    -7.15286   0.0529108
         105    -6.20217    -7.14381   0.0531759
         106    -6.19112    -7.13482   0.0534284
         107    -6.18092     -7.1259   0.0536676
         108    -6.17092    -7.11706   0.0538942
         109    -6.16178     -7.1083   0.0541077
         110    -6.15315    -7.09961   0.0543081
         111    -6.14537    -7.09102    0.054495
         112    -6.13812    -7.08251   0.0546685
         113    -6.13138    -7.07409   0.0548289
         114    -6.12451    -7.06576    0.054977
         115    -6.11815    -7.05752    0.055113
         116    -6.11261    -7.04938   0.0552366
         117     -6.1079    -7.04133   0.0553475
         118    -6.10303    -7.03338   0.0554468
         119    -6.09864    -7.02552   0.0555344
         120    -6.09473    -7.01777   0.0556107
         121    -6.09194    -7.01012    0.055675
         122    -6.08863    -7.00256   0.0557286
         123    -6.08674    -6.99512   0.0557707
         124    -6.08496    -6.98778   0.0558019
         125    -6.08394    -6.98055    0.055822
         126    -6.08268    -6.97342   0.0558319
         127    -6.08215     -6.9664   0.0558316
         128    -6.08202    -6.95949   0.0558213
         129    -6.08227    -6.95269   0.0558012
         130    -6.08321      -6.946   0.0557714
         131    -6.08386    -6.93942   0.0557326
         132    -6.08485    -6.93295   0.0556851
         133    -6.08683    -6.92659   0.0556287
         134    -6.08912    -6.92034   0.0555635
         135    -6.09139     -6.9142   0.0554902
         136    -6.09396    -6.90817   0.0554089
         137    -6.09648    -6.90224   0.0553204
         138    -6.09959    -6.89643   0.0552244
         139    -6.10295    -6.89072   0.0551214
         140    -6.10655    -6.88512   0.0550115
         141    -6.10973    -6.87962   0.0548955
         142    -6.11377    -6.87422   0.0547732
         143    -6.11801    -6.86893   0.0546449
         144    -6.12276    -6.86375   0.0545105
         145    -6.12703    -6.85867   0.0543709
         146    -6.13179    -6.85369   0.0542259
         147    -6.13638    -6.84881   0.0540761
         148     -6.1411    -6.84403   0.0539218
         149    -6.14627    -6.83935   0.0537628
         150    -6.15123    -6.83476   0.0535998
         151    -6.15726    -6.83027   0.0534323
         152    -6.16241    -6.82588   0.0532611
         153    -6.16796    -6.82158   0.0530863
         154     -6.1739    -6.81737   0.0529079
         155    -6.18054    -6.81327   0.0527259
         156    -6.18626    -6.80925   0.0525409
         157    -6.19202    -6.80532   0.0523531
         158     -6.1978    -6.80147   0.0521627
         159     -6.2036    -6.79771     0.05197
         160     -6.2094    -6.79403   0.0517751
         161    -6.21456    -6.79043   0.0515785
         162    -6.22036    -6.78692     0.05138
         163    -6.22517    -6.78347   0.0511802
         164     -6.2306     -6.7801   0.0509791
         165      -6.236     -6.7768   0.0507766
         166    -6.24169    -6.77358    0.050573
         167      -6.247    -6.77042   0.0503684
         168    -6.25259    -6.76734   0.0501628
         169    -6.25813    -6.76433   0.0499564
         170    -6.26392    -6.76138   0.0497491
         171    -6.26932    -6.75851   0.0495414
         172    -6.27496     -6.7557    0.049333
         173    -6.27989    -6.75295   0.0491245
         174    -6.28505    -6.75026   0.0489157
         175    -6.29013    -6.74763   0.0487068
         176    -6.29512    -6.74506   0.0484979
         177    -6.30001    -6.74254    0.048289
         178    -6.30449    -6.74008   0.0480804
         179    -6.30919    -6.73767    0.047872
         180    -6.31379    -6.73532   0.0476639
         181    -6.31828    -6.73301   0.0474562
         182    -6.32235    -6.73076   0.0472491
         183    -6.32696    -6.72855   0.0470424
         184    -6.33113    -6.72639   0.0468363
         185    -6.33552    -6.72428   0.0466308
         186    -6.33948    -6.72221   0.0464259
         187    -6.34398    -6.72019   0.0462217
         188    -6.34772    -6.71821   0.0460183
         189    -6.35136    -6.71627   0.0458157
         190    -6.35488    -6.71436    0.045614
         191    -6.35829     -6.7125   0.0454133
         192    -6.36127    -6.71067   0.0452136
         193    -6.36415    -6.70887    0.045015
         194    -6.36724    -6.70711   0.0448174
         195    -6.37055    -6.70539   0.0446208
         196    -6.37311    -6.70369   0.0444253
         197     -6.3759    -6.70203   0.0442309
         198    -6.37793    -6.70039   0.0440378
         199    -6.38085    -6.69879   0.0438458
         200    -6.38334    -6.69721   0.0436549
         201    -6.38541    -6.69566   0.0434653
         202    -6.38772    -6.69413   0.0432768
         203     -6.3893    -6.69263   0.0430897
         204    -6.39143    -6.69115   0.0429038
         205    -6.39348     -6.6897    0.042719
         206    -6.39578    -6.68828   0.0425355
         207      -6.398    -6.68687   0.0423531
         208    -6.39981    -6.68549    0.042172
         209    -6.40156    -6.68413   0.0419921
         210    -6.40356     -6.6828   0.0418134
         211    -6.40485    -6.68148   0.0416359
         212    -6.40705    -6.68019   0.0414597
         213    -6.40919    -6.67891   0.0412845
         214    -6.41063    -6.67766   0.0411106
         215    -6.41233    -6.67643   0.0409379
         216    -6.41334    -6.67521   0.0407665
         217    -6.41462    -6.67401   0.0405963
         218    -6.41619    -6.67283   0.0404273
         219    -6.41739    -6.67166   0.0402596
         220    -6.41855    -6.67051    0.040093
         221    -6.41968    -6.66937   0.0399277
         222    -6.42078    -6.66825   0.0397635
         223    -6.42184    -6.66715   0.0396005
         224    -6.42288    -6.66606   0.0394388
         225     -6.4239    -6.66498   0.0392782
         226    -6.42457    -6.66392   0.0391188
         227    -6.42555    -6.66287   0.0389605
         228    -6.42684    -6.66183   0.0388034
         229    -6.42779    -6.66081   0.0386474
         230    -6.42872     -6.6598   0.0384925
         231    -6.42933     -6.6588   0.0383388
         232     -6.4309    -6.65782   0.0381862
         233     -6.4315    -6.65685   0.0380346
         234    -6.43274    -6.65589   0.0378841
         235    -6.43366    -6.65495   0.0377347
         236     -6.4349    -6.65401   0.0375864
         237    -6.43583    -6.65309    0.037439
         238    -6.43708    -6.65219   0.0372927
         239    -6.43834    -6.65129   0.0371474
         240    -6.43962    -6.65041   0.0370031
         241    -6.44122    -6.64954   0.0368598
         242    -6.44188    -6.64868   0.0367174
         243    -6.44319    -6.64784   0.0365761
         244    -6.44452      -6.647   0.0364357
         245    -6.44555    -6.64618   0.0362962
         246    -6.44691    -6.64537   0.0361577
         247    -6.44766    -6.64457   0.0360202
         248    -6.44874    -6.64378   0.0358836
         249    -6.45018      -6.643   0.0357479
         250    -6.45131    -6.64224   0.0356131
         251    -6.45215    -6.64148   0.0354793
         252    -6.45334    -6.64073   0.0353464
         253    -6.45456       -6.64   0.0352143
         254    -6.45613    -6.63927   0.0350831
         255    -6.45837    -6.63856   0.0349527
         256    -6.45968    -6.63787   0.0348232
         257    -6.46166    -6.63718   0.0346944
         258    -6.46239     -6.6365   0.0345666
         259    -6.46379    -6.63584   0.0344395
         260    -6.46491    -6.63518   0.0343133
         261    -6.46606    -6.63453    0.034188
         262    -6.46789    -6.63389   0.0340634
         263    -6.47008    -6.63327   0.0339396
         264    -6.47199    -6.63266   0.0338165
         265    -6.47362    -6.63206   0.0336942
         266     -6.4756    -6.63147   0.0335727
         267     -6.4773    -6.63089   0.0334519
         268    -6.47904    -6.63033   0.0333319
         269    -6.48016    -6.62977   0.0332127
         270    -6.48198    -6.62922   0.0330942
         271    -6.48415    -6.62869   0.0329764
         272    -6.48604    -6.62816   0.0328593
         273    -6.48765    -6.62765    0.032743
         274    -6.48961    -6.62714   0.0326274
         275    -6.49194    -6.62665   0.0325124
         276    -6.49399    -6.62617   0.0323982
         277    -6.49639     -6.6257   0.0322846
         278    -6.49851    -6.62525   0.0321717
         279    -6.50164     -6.6248   0.0320594
         280    -6.50383    -6.62437   0.0319479
         281    -6.50541    -6.62395    0.031837
         282    -6.50767    -6.62354   0.0317267
         283    -6.50965    -6.62313   0.0316172
         284    -6.51197    -6.62274   0.0315083
         285    -6.51466    -6.62236      0.0314
         286    -6.51672    -6.62199   0.0312924
         287    -6.51979    -6.62164   0.0311854
         288    -6.52224    -6.62129    0.031079
         289    -6.52536    -6.62096   0.0309732
         290    -6.52884    -6.62064   0.0308681
         291    -6.53137    -6.62034   0.0307635
         292    -6.53392    -6.62004   0.0306596
         293    -6.53585    -6.61975   0.0305563
         294    -6.53877    -6.61948   0.0304536
         295    -6.54073    -6.61921   0.0303515
         296    -6.54337    -6.61895   0.0302501
         297    -6.54537    -6.61871   0.0301492
         298    -6.54803    -6.61847    0.030049
         299    -6.55038    -6.61824   0.0299494
         300    -6.55339    -6.61802   0.0298503
         301    -6.55576    -6.61782   0.0297519
         302    -6.55814    -6.61762    0.029654
         303    -6.56085    -6.61743   0.0295567
         304    -6.56324    -6.61725     0.02946
         305    -6.56564    -6.61709   0.0293639
         306    -6.56835    -6.61693   0.0292684
         307    -6.57075    -6.61678   0.0291735
         308    -6.57347    -6.61663   0.0290791
         309    -6.57618     -6.6165   0.0289853
         310    -6.57889    -6.61638    0.028892
         311    -6.58191    -6.61627   0.0287993
         312     -6.5846    -6.61617   0.0287072
         313     -6.5876    -6.61608   0.0286156
         314    -6.58995      -6.616   0.0285246
         315    -6.59195    -6.61592   0.0284342
         316    -6.59459    -6.61585   0.0283443
         317    -6.59657    -6.61579   0.0282549
         318    -6.59949    -6.61574   0.0281661
         319    -6.60143    -6.61569   0.0280779
         320    -6.60399    -6.61566   0.0279901
         321    -6.60653    -6.61563    0.027903
         322    -6.60905    -6.61561   0.0278163
         323    -6.61186     -6.6156   0.0277302
         324      -6.614    -6.61559   0.0276446
         325    -6.61643     -6.6156   0.0275595
         326    -6.61916    -6.61561    0.027475
         327    -6.62185    -6.61563    0.027391
         328    -6.62451    -6.61565   0.0273075
         329    -6.62713    -6.61569   0.0272245
         330    -6.62908    -6.61573    0.027142
         331    -6.63098    -6.61577   0.0270601
         332    -6.63317    -6.61583   0.0269786
         333    -6.63532    -6.61589   0.0268977
         334     -6.6371    -6.61595   0.0268172
         335     -6.6382    -6.61601   0.0267373
         336    -6.63989    -6.61609   0.0266578
         337     -6.6422    -6.61616   0.0265788
         338    -6.64381    -6.61625   0.0265003
         339    -6.64569    -6.61633   0.0264222
         340    -6.64753    -6.61642   0.0263447
         341      -6.649    -6.61652   0.0262676
         342    -6.64977    -6.61662    0.026191
         343    -6.65081    -6.61672   0.0261148
         344    -6.65277    -6.61682   0.0260391
         345    -6.65468    -6.61693   0.0259639
         346    -6.65589    -6.61704   0.0258891
         347     -6.6577    -6.61716   0.0258147
         348     -6.6588    -6.61728   0.0257408
         349     -6.6592     -6.6174   0.0256673
         350    -6.65988    -6.61752   0.0255943
         351    -6.66147    -6.61765   0.0255217
         352    -6.66301    -6.61778   0.0254495
         353    -6.66384    -6.61791   0.0253777
         354    -6.66558    -6.61804   0.0253064
         355    -6.66663    -6.61818   0.0252355
         356    -6.66826    -6.61832    0.025165
         357    -6.66952    -6.61846   0.0250949
         358    -6.67137    -6.61861   0.0250253
         359    -6.67251    -6.61876    0.024956
         360     -6.6723    -6.61891   0.0248871
         361    -6.67334    -6.61906   0.0248186
         362    -6.67399    -6.61921   0.0247505
         363    -6.67458    -6.61936   0.0246828
         364    -6.67545    -6.61952   0.0246155
         365    -6.67594    -6.61967   0.0245485
         366    -6.67637    -6.61983    0.024482
         367    -6.67674    -6.61998   0.0244157
         368    -6.67771    -6.62014   0.0243499
         369    -6.67766     -6.6203   0.0242844
         370    -6.67723    -6.62045   0.0242193
         371    -6.67708     -6.6206   0.0241545
         372    -6.67687    -6.62075     0.02409
         373    -6.67726     -6.6209   0.0240259
         374     -6.6776    -6.62106   0.0239621
         375    -6.67757    -6.62121   0.0238987
         376    -6.67749    -6.62136   0.0238356
         377    -6.67672     -6.6215   0.0237728
         378    -6.67687    -6.62165   0.0237104
         379    -6.67698     -6.6218   0.0236483
         380    -6.67704    -6.62194   0.0235865
         381     -6.6764    -6.62208    0.023525
         382    -6.67605    -6.62223   0.0234639
         383    -6.67468    -6.62236    0.023403
         384    -6.67327    -6.62249   0.0233424
         385    -6.67311    -6.62263   0.0232822
         386    -6.67259    -6.62276   0.0232222
         387    -6.67203    -6.62288   0.0231626
         388     -6.6711    -6.62301   0.0231032
         389    -6.67046    -6.62313   0.0230441
         390    -6.66946    -6.62325   0.0229854
         391    -6.66842    -6.62336   0.0229269
         392    -6.66766    -6.62348   0.0228687
         393    -6.66687    -6.62359   0.0228107
         394    -6.66571    -6.62369   0.0227531
         395    -6.66453     -6.6238   0.0226957
         396     -6.6633     -6.6239   0.0226386
         397    -6.66302      -6.624   0.0225818
         398    -6.66173    -6.62409   0.0225253
         399    -6.66008    -6.62418    0.022469
         400    -6.66002    -6.62427    0.022413
         401    -6.65896    -6.62436   0.0223573
         402    -6.65786    -6.62444   0.0223018
         403    -6.65706    -6.62452   0.0222466
         404    -6.65623     -6.6246   0.0221917
         405    -6.65538    -6.62468    0.022137
         406    -6.65416    -6.62475   0.0220826
         407     -6.6526    -6.62482   0.0220285
         408    -6.65133    -6.62488   0.0219746
         409    -6.65068    -6.62494   0.0219209
         410    -6.64968    -6.62501   0.0218676
         411    -6.64866    -6.62506   0.0218144
         412    -6.64794    -6.62512   0.0217616
         413    -6.64655    -6.62517   0.0217089
         414    -6.64481    -6.62522   0.0216565
         415    -6.64336    -6.62526   0.0216044
         416    -6.64222     -6.6253   0.0215525
         417    -6.64009    -6.62534   0.0215009
         418     -6.6389    -6.62537   0.0214494
         419     -6.6364     -6.6254   0.0213983
         420     -6.6355    -6.62542   0.0213473
         421    -6.63458    -6.62544   0.0212966
         422    -6.63364    -6.62546   0.0212462
         423    -6.63203    -6.62548    0.021196
         424     -6.6304    -6.62549    0.021146
         425    -6.62843     -6.6255   0.0210962
         426    -6.62645     -6.6255   0.0210467
         427    -6.62509     -6.6255   0.0209974
         428     -6.6234    -6.62549   0.0209483
         429    -6.62202    -6.62548   0.0208995
         430     -6.6203    -6.62547   0.0208509
         431    -6.61856    -6.62546   0.0208025
         432    -6.61682    -6.62544   0.0207544
         433    -6.61506    -6.62541   0.0207065
         434    -6.61329    -6.62538   0.0206588
         435    -6.61151    -6.62535   0.0206113
         436    -6.60908    -6.62531   0.0205641
         437     -6.6076    -6.62527   0.0205171
         438    -6.60645    -6.62523   0.0204703
         439    -6.60432    -6.62518   0.0204237
         440    -6.60283    -6.62513   0.0203773
         441    -6.60135    -6.62508   0.0203312
         442    -6.59953    -6.62502   0.0202853
         443    -6.59771    -6.62496   0.0202396
         444    -6.59557    -6.62489   0.0201941
         445    -6.59375    -6.62482   0.0201489
         446    -6.59161    -6.62475   0.0201038
         447    -6.58948    -6.62467    0.020059
         448      -6.588    -6.62459   0.0200144
         449    -6.58653     -6.6245     0.01997
         450    -6.58441    -6.62441   0.0199258
         451     -6.5836    -6.62432   0.0198818
         452    -6.58183    -6.62423   0.0198381
         453     -6.5804    -6.62413   0.0197945
         454      -6.578    -6.62403   0.0197512
         455    -6.57692    -6.62393    0.019708
         456    -6.57488    -6.62382   0.0196651
         457     -6.5735    -6.62371   0.0196224
         458    -6.57215     -6.6236   0.0195799
         459    -6.56984    -6.62348   0.0195376
         460    -6.56885    -6.62336   0.0194955
         461    -6.56659    -6.62324   0.0194535
         462      -6.565    -6.62311   0.0194119
         463    -6.56376    -6.62298   0.0193703
         464    -6.56222    -6.62285    0.019329
         465    -6.56039    -6.62272   0.0192879
         466    -6.55858    -6.62258    0.019247
         467    -6.55713    -6.62244   0.0192063
         468    -6.55604     -6.6223   0.0191658
         469     -6.5553    -6.62216   0.0191255
         470    -6.55427    -6.62201   0.0190853
         471    -6.55361    -6.62187   0.0190454
         472    -6.55265    -6.62172   0.0190056
         473    -6.55141    -6.62157    0.018966
         474    -6.55085    -6.62142   0.0189266
         475    -6.54872    -6.62127   0.0188873
         476    -6.54727    -6.62111   0.0188483
         477    -6.54586    -6.62096   0.0188094
         478    -6.54385    -6.62079   0.0187708
         479    -6.54285    -6.62063   0.0187323
         480    -6.54157    -6.62047    0.018694
         481     -6.5413     -6.6203   0.0186559
         482    -6.53979    -6.62014   0.0186179
         483    -6.53929    -6.61997   0.0185801
         484    -6.53852     -6.6198   0.0185425
         485    -6.53747    -6.61963    0.018505
         486    -6.53679    -6.61946   0.0184677
         487    -6.53615    -6.61929   0.0184306
         488    -6.53589    -6.61912   0.0183936
         489    -6.53567    -6.61895   0.0183568
         490     -6.5355    -6.61878   0.0183201
         491    -6.53538    -6.61861   0.0182836
         492    -6.53466    -6.61844   0.0182472
         493    -6.53432    -6.61827    0.018211
         494     -6.5337    -6.61809    0.018175
         495    -6.53377    -6.61792   0.0181391
         496     -6.5339    -6.61775   0.0181033
         497    -6.53408    -6.61759   0.0180676
         498    -6.53399    -6.61742   0.0180321
         499    -6.53362    -6.61725   0.0179968
         500    -6.53331    -6.61708   0.0179616
         501     -6.5337    -6.61692   0.0179265
         502    -6.53446    -6.61675   0.0178915
         503    -6.53397    -6.61659   0.0178567
         504    -6.53484    -6.61643    0.017822
         505    -6.53543    -6.61626   0.0177875
         506    -6.53608    -6.61611    0.017753
         507    -6.53646    -6.61595   0.0177187
         508    -6.53624    -6.61579   0.0176845
         509     -6.5364    -6.61564   0.0176504
         510    -6.53661    -6.61548   0.0176165
         511    -6.53655    -6.61533   0.0175827
         512    -6.53817    -6.61518    0.017549
         513    -6.53952    -6.61503   0.0175154
         514    -6.54027    -6.61488    0.017482
         515    -6.54043    -6.61474   0.0174486
         516    -6.54097     -6.6146   0.0174154
         517     -6.5419    -6.61446   0.0173823
         518    -6.54222    -6.61432   0.0173493
         519    -6.54293    -6.61418   0.0173164
         520    -6.54433    -6.61404   0.0172836
         521    -6.54547    -6.61391   0.0172509
         522    -6.54633    -6.61378   0.0172184
         523    -6.54725    -6.61366   0.0171859
         524    -6.54822    -6.61353   0.0171536
         525    -6.54989    -6.61341   0.0171213
         526    -6.55128    -6.61329   0.0170892
         527    -6.55338    -6.61318   0.0170571
         528    -6.55455    -6.61307   0.0170252
         529    -6.55577    -6.61296   0.0169934
         530    -6.55704    -6.61285   0.0169616
         531    -6.55836    -6.61275     0.01693
         532    -6.55973    -6.61265   0.0168985
         533    -6.56146    -6.61255    0.016867
         534    -6.56356    -6.61246   0.0168357
         535    -6.56506    -6.61237   0.0168045
         536    -6.56724    -6.61229   0.0167733
         537    -6.56946    -6.61221   0.0167423
         538    -6.57107    -6.61213   0.0167113
         539    -6.57304    -6.61206   0.0166805
         540    -6.57504    -6.61199   0.0166497
         541    -6.57675    -6.61193   0.0166191
         542    -6.57881    -6.61187   0.0165885
         543    -6.58187    -6.61181   0.0165581
         544    -6.58398    -6.61176   0.0165277
         545    -6.58547    -6.61171   0.0164975
         546    -6.58697    -6.61167   0.0164673
         547    -6.58947    -6.61163   0.0164372
         548    -6.59197    -6.61159   0.0164073
         549    -6.59384    -6.61156   0.0163774
         550    -6.59604    -6.61153   0.0163477
         551    -6.59858    -6.61151    0.016318
         552    -6.60143    -6.61149   0.0162885
         553    -6.60364    -6.61147    0.016259
         554    -6.60585    -6.61146   0.0162297
         555    -6.60772    -6.61146   0.0162004
         556    -6.60991    -6.61145   0.0161713
         557    -6.61242    -6.61146   0.0161423
         558    -6.61556    -6.61146   0.0161133
         559    -6.61706    -6.61147   0.0160845
         560     -6.6192    -6.61149   0.0160558
         561    -6.62131     -6.6115   0.0160272
         562    -6.62372    -6.61153   0.0159987
         563    -6.62578    -6.61155   0.0159703
         564    -6.62749    -6.61158    0.015942
         565    -6.62949    -6.61161   0.0159138
         566    -6.63243    -6.61165   0.0158858
         567    -6.63437    -6.61169   0.0158578
         568    -6.63627    -6.61173   0.0158299
         569    -6.63813    -6.61178   0.0158022
         570    -6.63962    -6.61183   0.0157745
         571    -6.64108    -6.61188    0.015747
         572    -6.64281    -6.61193   0.0157195
         573    -6.64386    -6.61199   0.0156922
         574    -6.64583    -6.61205    0.015665
         575    -6.64711    -6.61211   0.0156379
         576    -6.64834    -6.61217   0.0156108
         577    -6.64952    -6.61224   0.0155839
         578    -6.65098     -6.6123   0.0155571
         579    -6.65272    -6.61237   0.0155304
         580    -6.65441    -6.61244   0.0155038
         581    -6.65573    -6.61252   0.0154773
         582      -6.657     -6.6126   0.0154509
         583    -6.65919    -6.61268   0.0154246
         584    -6.66069    -6.61276   0.0153984
         585    -6.66182    -6.61284   0.0153723
         586    -6.66291    -6.61293   0.0153463
         587    -6.66363    -6.61301   0.0153204
         588     -6.6643     -6.6131   0.0152946
         589    -6.66525    -6.61319   0.0152689
         590    -6.66616    -6.61328   0.0152433
         591     -6.6667    -6.61337   0.0152177
         592    -6.66753    -6.61346   0.0151923
         593      -6.668    -6.61355    0.015167
         594    -6.66875    -6.61365   0.0151417
         595    -6.66882    -6.61374   0.0151165
         596     -6.6695    -6.61383   0.0150915
         597    -6.66982    -6.61393   0.0150665
         598    -6.67044    -6.61402   0.0150416
         599      -6.672    -6.61412   0.0150168
         600    -6.67288    -6.61421   0.0149921
         601     -6.6731    -6.61431   0.0149675
         602    -6.67296    -6.61441   0.0149429
         603     -6.6728    -6.61451   0.0149184
         604    -6.67295     -6.6146   0.0148941
         605    -6.67275     -6.6147   0.0148697
         606    -6.67351     -6.6148   0.0148455
         607    -6.67457     -6.6149   0.0148214
         608    -6.67562      -6.615   0.0147974
         609    -6.67569     -6.6151   0.0147734
         610    -6.67639     -6.6152   0.0147495
         611    -6.67676     -6.6153   0.0147257
         612    -6.67712     -6.6154    0.014702
         613    -6.67682     -6.6155   0.0146784
         614    -6.67717     -6.6156   0.0146548
         615    -6.67816     -6.6157   0.0146313
         616    -6.67818     -6.6158   0.0146079
         617    -6.67853     -6.6159   0.0145846
         618    -6.67887      -6.616   0.0145614
         619    -6.67921    -6.61611   0.0145382
         620    -6.67988    -6.61621   0.0145151
         621    -6.68023    -6.61631   0.0144921
         622     -6.6809    -6.61642   0.0144692
         623    -6.68126    -6.61652   0.0144463
         624     -6.6813    -6.61662   0.0144235
         625      -6.682    -6.61673   0.0144008
         626    -6.68205    -6.61683   0.0143782
         627    -6.68277    -6.61694   0.0143557
         628    -6.68285    -6.61704   0.0143332
         629    -6.68391    -6.61715   0.0143108
         630    -6.68401    -6.61726   0.0142885
         631    -6.68445    -6.61736   0.0142662
         632    -6.68522    -6.61747   0.0142441
         633    -6.68569    -6.61758    0.014222
         634    -6.68714    -6.61769      0.0142
         635    -6.68796     -6.6178    0.014178
         636    -6.68782    -6.61791   0.0141562
         637    -6.68803    -6.61802   0.0141344
         638    -6.68857    -6.61813   0.0141126
         639    -6.68913    -6.61824    0.014091
         640    -6.68971    -6.61835   0.0140694
         641    -6.68998    -6.61846   0.0140479
         642     -6.6906    -6.61858   0.0140265
         643     -6.6909    -6.61869   0.0140051
         644     -6.6922     -6.6188   0.0139838
         645    -6.69319    -6.61892   0.0139626
         646     -6.6942    -6.61903   0.0139415
         647    -6.69458    -6.61915   0.0139204
         648     -6.6953    -6.61927   0.0138995
         649    -6.69604    -6.61939   0.0138786
         650    -6.69614     -6.6195   0.0138577
         651    -6.69724    -6.61962   0.0138369
         652    -6.69802    -6.61974   0.0138162
         653    -6.69882    -6.61987   0.0137956
         654    -6.70061    -6.61999   0.0137751
         655    -6.70143    -6.62011   0.0137546
         656     -6.7026    -6.62024   0.0137342
         657    -6.70312    -6.62037   0.0137139
         658    -6.70398    -6.62049   0.0136936
         659    -6.70518    -6.62062   0.0136734
         660    -6.70639    -6.62075   0.0136533
         661    -6.70729    -6.62088   0.0136333
         662    -6.70786    -6.62101   0.0136134
         663    -6.70844    -6.62114   0.0135935
         664    -6.70967    -6.62128   0.0135736
         665    -6.71058    -6.62141   0.0135539
         666    -6.71117    -6.62155   0.0135342
         667    -6.71175    -6.62168   0.0135146
         668    -6.71331    -6.62182   0.0134951
         669    -6.71422    -6.62196   0.0134756
         670    -6.71511     -6.6221   0.0134562
         671    -6.71601    -6.62224   0.0134369
         672    -6.71787    -6.62238   0.0134176
         673    -6.71907    -6.62252   0.0133985
         674    -6.71961    -6.62267   0.0133794
         675    -6.72078    -6.62281   0.0133603
         676    -6.72291    -6.62296   0.0133414
         677    -6.72309    -6.62311   0.0133225
         678    -6.72422    -6.62326   0.0133037
         679    -6.72501    -6.62341   0.0132849
         680    -6.72577    -6.62356   0.0132663
         681    -6.72683    -6.62371   0.0132476
         682    -6.72723    -6.62386   0.0132291
         683    -6.72792    -6.62401   0.0132106
         684    -6.72859    -6.62417   0.0131922
         685    -6.72923    -6.62432   0.0131738
         686    -6.73016    -6.62447   0.0131555
         687     -6.7301    -6.62463   0.0131372
         688    -6.73032    -6.62478    0.013119
         689    -6.73116    -6.62494   0.0131009
         690    -6.73133    -6.62509   0.0130828
         691    -6.73178    -6.62524   0.0130648
         692    -6.73187     -6.6254   0.0130468
         693    -6.73063    -6.62555   0.0130289
         694    -6.73162     -6.6257    0.013011
         695    -6.73193    -6.62586   0.0129932
         696    -6.73253    -6.62601   0.0129754
         697    -6.73244    -6.62616   0.0129577
         698    -6.73296    -6.62631   0.0129401
         699    -6.73311    -6.62647   0.0129224
         700     -6.7329    -6.62662   0.0129049
         701    -6.73265    -6.62677   0.0128874
         702    -6.73269    -6.62692   0.0128699
         703    -6.73333    -6.62707   0.0128525
         704    -6.73328    -6.62722   0.0128351
         705    -6.73319    -6.62737   0.0128178
         706    -6.73274    -6.62752   0.0128005
         707    -6.73192    -6.62767   0.0127832
         708    -6.73171    -6.62782    0.012766
         709    -6.73146    -6.62796   0.0127488
         710    -6.73117    -6.62811   0.0127317
         711    -6.73084    -6.62825   0.0127146
         712     -6.7308     -6.6284   0.0126976
         713    -6.73038    -6.62854   0.0126806
         714    -6.72929    -6.62868   0.0126636
         715    -6.72912    -6.62882   0.0126467
         716    -6.72827    -6.62896   0.0126298
         717    -6.72738     -6.6291   0.0126129
         718    -6.72774    -6.62924   0.0125961
         719     -6.7271    -6.62937   0.0125793
         720    -6.72675    -6.62951   0.0125626
         721    -6.72538    -6.62964   0.0125458
         722    -6.72496    -6.62977   0.0125292
         723    -6.72417     -6.6299   0.0125125
         724    -6.72367    -6.63003   0.0124959
         725    -6.72185    -6.63016   0.0124793
         726    -6.72032    -6.63028   0.0124627
         727     -6.7194    -6.63041   0.0124462
         728    -6.71845    -6.63053   0.0124297
         729    -6.71682    -6.63065   0.0124132
         730    -6.71548    -6.63076   0.0123967
         731    -6.71444    -6.63088   0.0123803
         732    -6.71304    -6.63099   0.0123639
         733    -6.71194     -6.6311   0.0123475
         734    -6.71081    -6.63121   0.0123312
         735     -6.7103    -6.63132   0.0123149
         736     -6.7088    -6.63142   0.0122986
         737    -6.70662    -6.63152   0.0122823
         738    -6.70539    -6.63162   0.0122661
         739    -6.70381    -6.63172   0.0122499
         740    -6.70286    -6.63182   0.0122337
         741    -6.70189    -6.63191   0.0122176
         742    -6.70057      -6.632   0.0122015
         743    -6.69923    -6.63209   0.0121854
         744    -6.69787    -6.63218   0.0121693
         745     -6.6965    -6.63227   0.0121533
         746    -6.69511    -6.63235   0.0121373
         747    -6.69402    -6.63244   0.0121213
         748    -6.69261    -6.63252   0.0121054
         749    -6.69085    -6.63259   0.0120895
         750    -6.69006    -6.63267   0.0120736
         751    -6.68991    -6.63275   0.0120578
         752    -6.68911    -6.63282    0.012042
         753    -6.68798    -6.63289   0.0120262
         754     -6.6862    -6.63297   0.0120104
         755    -6.68506    -6.63303   0.0119947
         756     -6.6836     -6.6331   0.0119791
         757    -6.68183    -6.63317   0.0119634
         758    -6.68037    -6.63323   0.0119478
         759    -6.67828    -6.63329   0.0119322
         760    -6.67716    -6.63335   0.0119166
         761    -6.67573     -6.6334   0.0119011
         762    -6.67464    -6.63346   0.0118856
         763    -6.67291    -6.63351   0.0118701
         764    -6.67087    -6.63356   0.0118547
         765     -6.6695     -6.6336   0.0118393
         766    -6.66847    -6.63365   0.0118239
         767    -6.66746    -6.63369   0.0118086
         768    -6.66615    -6.63373   0.0117933
         769    -6.66519    -6.63378    0.011778
         770    -6.66425    -6.63381   0.0117628
         771    -6.66334    -6.63385   0.0117476
         772    -6.66182    -6.63389   0.0117324
         773    -6.66032    -6.63392   0.0117173
         774    -6.65886    -6.63396   0.0117022
         775    -6.65809    -6.63399   0.0116872
         776     -6.6567    -6.63402   0.0116721
         777    -6.65567    -6.63404   0.0116571
         778    -6.65435    -6.63407   0.0116422
         779     -6.6534     -6.6341   0.0116273
         780    -6.65249    -6.63412   0.0116124
         781     -6.6513    -6.63414   0.0115975
         782    -6.65047    -6.63416   0.0115827
         783    -6.64904    -6.63418    0.011568
         784    -6.64862     -6.6342   0.0115532
         785    -6.64728    -6.63422   0.0115385
         786    -6.64793    -6.63423   0.0115238
         787    -6.64765    -6.63425   0.0115092
         788    -6.64741    -6.63427   0.0114946
         789    -6.64722    -6.63428   0.0114801
         790    -6.64804     -6.6343   0.0114655
         791    -6.64729    -6.63432   0.0114511
         792    -6.64756    -6.63433   0.0114366
         793    -6.64754    -6.63435   0.0114222
         794    -6.64692    -6.63437   0.0114078
         795    -6.64796    -6.63438   0.0113935
         796    -6.64775     -6.6344   0.0113792
         797    -6.64791    -6.63442   0.0113649
         798    -6.64714    -6.63443   0.0113507
         799    -6.64673    -6.63445   0.0113365
         800    -6.64603    -6.63446   0.0113223
         801    -6.64603    -6.63448   0.0113082
         802    -6.64638    -6.63449   0.0112941
         803    -6.64645    -6.63451   0.0112801
         804     -6.6459    -6.63452    0.011266
         805    -6.64604    -6.63454   0.0112521
         806    -6.64653    -6.63455   0.0112381
         807    -6.64641    -6.63457   0.0112242
         808    -6.64632    -6.63458   0.0112103
         809    -6.64658    -6.63459   0.0111965
         810    -6.64688    -6.63461   0.0111827
         811    -6.64721    -6.63463   0.0111689
         812    -6.64724    -6.63464   0.0111551
         813    -6.64762    -6.63466   0.0111414
         814    -6.64836    -6.63467   0.0111277
         815     -6.6488    -6.63469   0.0111141
         816    -6.64861    -6.63471   0.0111005
         817     -6.6491    -6.63473   0.0110869
         818    -6.64961    -6.63474   0.0110734
         819    -6.65015    -6.63476   0.0110599
         820    -6.65136    -6.63478   0.0110464
         821    -6.65162     -6.6348    0.011033
         822    -6.65255    -6.63482   0.0110196
         823    -6.65318    -6.63485   0.0110062
         824    -6.65383    -6.63487   0.0109929
         825     -6.6545    -6.63489   0.0109796
         826    -6.65552    -6.63492   0.0109663
         827    -6.65624    -6.63494   0.0109531
         828    -6.65664    -6.63497   0.0109399
         829    -6.65707      -6.635   0.0109267
         830    -6.65752    -6.63502   0.0109136
         831    -6.65896    -6.63505   0.0109005
         832    -6.65976    -6.63508   0.0108874
         833    -6.66026    -6.63511   0.0108744
         834    -6.66077    -6.63514   0.0108614
         835    -6.66163    -6.63518   0.0108485
         836     -6.6625    -6.63521   0.0108355
         837    -6.66273    -6.63524   0.0108226
         838    -6.66427    -6.63528   0.0108098
         839    -6.66582    -6.63531   0.0107969
         840    -6.66771    -6.63535   0.0107842
         841    -6.66799    -6.63539   0.0107714
         842    -6.66861    -6.63543   0.0107587
         843    -6.66987    -6.63547    0.010746
         844     -6.6705    -6.63551   0.0107334
         845    -6.67145    -6.63555   0.0107207
         846    -6.67209     -6.6356   0.0107081
         847    -6.67304    -6.63564   0.0106956
         848    -6.67498    -6.63569   0.0106831
         849    -6.67562    -6.63574   0.0106706
         850    -6.67722    -6.63578   0.0106582
         851    -6.67818    -6.63583   0.0106458
         852     -6.6788    -6.63588   0.0106334
         853    -6.67878    -6.63593    0.010621
         854    -6.67842    -6.63598   0.0106087
         855    -6.67935    -6.63604   0.0105964
         856    -6.68059    -6.63609   0.0105842
         857    -6.68246    -6.63614    0.010572
         858    -6.68302     -6.6362   0.0105598
         859    -6.68389    -6.63625   0.0105476
         860    -6.68442    -6.63631   0.0105355
         861    -6.68493    -6.63636   0.0105234
         862    -6.68606    -6.63642   0.0105114
         863    -6.68619    -6.63648   0.0104994
         864    -6.68597    -6.63654   0.0104874
         865     -6.6867    -6.63659   0.0104754
         866    -6.68804    -6.63665   0.0104635
         867    -6.68805    -6.63671   0.0104516
         868    -6.68834    -6.63677   0.0104397
         869     -6.6886    -6.63683   0.0104279
         870    -6.68947    -6.63689    0.010416
         871    -6.68998    -6.63695   0.0104043
         872    -6.69141    -6.63702   0.0103925
         873    -6.69215    -6.63708   0.0103808
         874    -6.69285    -6.63714   0.0103691
         875    -6.69317    -6.63721   0.0103575
         876    -6.69376    -6.63727   0.0103459
         877    -6.69398    -6.63734   0.0103343
         878    -6.69414     -6.6374   0.0103227
         879    -6.69425    -6.63747   0.0103112
         880    -6.69398    -6.63753   0.0102996
         881     -6.6943    -6.63759   0.0102881
         882    -6.69424    -6.63766   0.0102767
         883    -6.69347    -6.63772   0.0102652
         884    -6.69361    -6.63778   0.0102538
         885    -6.69337    -6.63785   0.0102424
         886    -6.69242    -6.63791   0.0102311
         887    -6.69205    -6.63797   0.0102197
         888    -6.69163    -6.63803   0.0102084
         889    -6.69114    -6.63809   0.0101971
         890    -6.69027    -6.63815   0.0101858
         891    -6.68901    -6.63821   0.0101745
         892    -6.68801    -6.63826   0.0101632
         893    -6.68728    -6.63832    0.010152
         894    -6.68681    -6.63837   0.0101408
         895    -6.68596    -6.63842   0.0101296
         896    -6.68472    -6.63848   0.0101184
         897     -6.6844    -6.63853   0.0101073
         898     -6.6837    -6.63858   0.0100962
         899    -6.68327    -6.63863    0.010085
         900    -6.68214    -6.63868    0.010074
         901    -6.68032    -6.63872   0.0100629
         902     -6.6791    -6.63877   0.0100518
         903    -6.67847    -6.63881   0.0100408
         904    -6.67683    -6.63885   0.0100298
         905    -6.67483    -6.63889   0.0100188
         906    -6.67278    -6.63893   0.0100078
         907    -6.67103    -6.63897  0.00999681
         908    -6.66956      -6.639  0.00998586
         909    -6.66774    -6.63903  0.00997492
         910    -6.66752    -6.63906  0.00996401
         911    -6.66597    -6.63909  0.00995312
         912    -6.66473    -6.63912  0.00994224
         913    -6.66315    -6.63915  0.00993139
         914     -6.6609    -6.63917  0.00992055
         915    -6.65864    -6.63919  0.00990973
         916    -6.65638    -6.63921  0.00989893
         917    -6.65444    -6.63923  0.00988815
         918    -6.65315    -6.63924  0.00987739
         919    -6.65121    -6.63925  0.00986665
         920    -6.64928    -6.63927  0.00985593
         921    -6.64736    -6.63927  0.00984523
         922     -6.6461    -6.63928  0.00983456
         923    -6.64486    -6.63929  0.00982391
         924    -6.64364    -6.63929  0.00981327
         925    -6.64116    -6.63929  0.00980267
         926    -6.63935    -6.63929  0.00979208
         927    -6.63757    -6.63929  0.00978152
         928    -6.63616    -6.63929  0.00977098
         929    -6.63445    -6.63928  0.00976046
         930    -6.63312    -6.63928  0.00974997
         931    -6.63182    -6.63927   0.0097395
         932    -6.63025    -6.63926  0.00972905
         933    -6.62809    -6.63925  0.00971863
         934     -6.6263    -6.63923  0.00970824
         935    -6.62457    -6.63922  0.00969787
         936    -6.62354     -6.6392  0.00968752
         937     -6.6229    -6.63918   0.0096772
         938    -6.62232    -6.63917   0.0096669
         939    -6.62212    -6.63915  0.00965662
         940    -6.62167    -6.63913  0.00964636
         941    -6.62063    -6.63911  0.00963613
         942    -6.62032    -6.63909  0.00962592
         943    -6.62006    -6.63907  0.00961574
         944    -6.62021    -6.63905  0.00960557
         945     -6.6201    -6.63903  0.00959543
         946    -6.61973    -6.63901  0.00958531
         947    -6.62041    -6.63899   0.0095752
         948    -6.61922    -6.63897  0.00956513
         949    -6.61939    -6.63895  0.00955507
         950    -6.61899    -6.63893  0.00954504
         951    -6.61963    -6.63891  0.00953502
         952    -6.61968    -6.63889  0.00952503
         953    -6.61981    -6.63887  0.00951505
         954    -6.61967    -6.63885   0.0095051
         955    -6.62058    -6.63883  0.00949517
         956    -6.62089    -6.63881  0.00948525
         957    -6.62127    -6.63879  0.00947536
         958    -6.62171    -6.63877  0.00946548
         959    -6.62285    -6.63876  0.00945563
         960    -6.62372    -6.63874  0.00944579
         961    -6.62432    -6.63872  0.00943597
         962    -6.62465    -6.63871  0.00942618
         963    -6.62534     -6.6387   0.0094164
         964    -6.62673    -6.63868  0.00940664
         965    -6.62718    -6.63867   0.0093969
         966      -6.628    -6.63866  0.00938718
         967    -6.62885    -6.63865  0.00937748
         968    -6.62908    -6.63864  0.00936779
         969    -6.62999    -6.63863  0.00935813
         970    -6.63125    -6.63862  0.00934849
         971     -6.6322    -6.63862  0.00933886
         972    -6.63285    -6.63861  0.00932925
         973    -6.63448    -6.63861  0.00931967
         974    -6.63547     -6.6386   0.0093101
         975    -6.63647     -6.6386  0.00930055
         976    -6.63714     -6.6386  0.00929102
         977    -6.63781     -6.6386  0.00928151
         978    -6.63912     -6.6386  0.00927202
         979    -6.63977     -6.6386  0.00926255
         980     -6.6404     -6.6386   0.0092531
         981    -6.64167    -6.63861  0.00924367
         982    -6.64194    -6.63861  0.00923426
         983    -6.64218    -6.63861  0.00922486
         984    -6.64304    -6.63862  0.00921549
         985    -6.64387    -6.63862  0.00920613
         986    -6.64401    -6.63863   0.0091968
         987    -6.64443    -6.63863  0.00918748
         988    -6.64545    -6.63864  0.00917819
         989    -6.64643    -6.63865  0.00916891
         990    -6.64767    -6.63866  0.00915965
         991    -6.64822    -6.63867  0.00915041
         992    -6.64903    -6.63868   0.0091412
         993    -6.65011    -6.63869    0.009132
         994    -6.65112     -6.6387  0.00912282
         995    -6.65141    -6.63872  0.00911366
         996    -6.65164    -6.63873  0.00910452
         997     -6.6518    -6.63874   0.0090954
         998     -6.6522    -6.63876  0.00908629
         999    -6.65285    -6.63877  0.00907721
        1000    -6.65311    -6.63878  0.00906814
        1001    -6.65295     -6.6388  0.00905909
        1002    -6.65208    -6.63881  0.00905006
        1003    -6.65144    -6.63882  0.00904105
        1004    -6.65138    -6.63884  0.00903205
        1005     -6.6509    -6.63885  0.00902307
        1006    -6.65035    -6.63886  0.00901411
        1007    -6.64906    -6.63887  0.00900517
        1008    -6.64769    -6.63888  0.00899624
        1009    -6.64721    -6.63889  0.00898732
        1010    -6.64632    -6.63889  0.00897843
        1011    -6.64567     -6.6389  0.00896955
        1012    -6.64527    -6.63891  0.00896069
        1013    -6.64414    -6.63891  0.00895185
        1014    -6.64326    -6.63892  0.00894302
        1015    -6.64133    -6.63892  0.00893421
        1016    -6.64094    -6.63892  0.00892541
        1017    -6.63952    -6.63892  0.00891664
        1018    -6.63834    -6.63892  0.00890788
        1019    -6.63646    -6.63892  0.00889914
        1020    -6.63515    -6.63891  0.00889041
        1021    -6.63282    -6.63891  0.00888171
        1022    -6.63107     -6.6389  0.00887302
        1023    -6.62895    -6.63889  0.00886435
        1024    -6.62678    -6.63888   0.0088557
        1025    -6.62521    -6.63887  0.00884707
        1026    -6.62328    -6.63885  0.00883846
        1027    -6.62163    -6.63883  0.00882987
        1028    -6.61962    -6.63882   0.0088213
        1029    -6.61759    -6.63879  0.00881276
        1030    -6.61489    -6.63877  0.00880423
        1031     -6.6125    -6.63875  0.00879573
        1032    -6.61009    -6.63872  0.00878725
        1033    -6.60735    -6.63869  0.00877879
        1034    -6.60591    -6.63866  0.00877036
        1035    -6.60318    -6.63862  0.00876196
        1036     -6.6011    -6.63859  0.00875357
        1037    -6.59904    -6.63855  0.00874521
        1038    -6.59732    -6.63851  0.00873688
        1039    -6.59596    -6.63847  0.00872857
        1040    -6.59398    -6.63842  0.00872028
        1041    -6.59203    -6.63838  0.00871202
        1042    -6.59078    -6.63833  0.00870377
        1043    -6.58829    -6.63829  0.00869556
        1044    -6.58682    -6.63824  0.00868737
        1045    -6.58476    -6.63819  0.00867921
        1046    -6.58342    -6.63813  0.00867107
        1047    -6.58247    -6.63808  0.00866295
        1048    -6.58095    -6.63803  0.00865486
        1049    -6.57983    -6.63797  0.00864678
        1050    -6.57848    -6.63791  0.00863873
        1051    -6.57754    -6.63786  0.00863071
        1052    -6.57605     -6.6378   0.0086227
        1053    -6.57466    -6.63774  0.00861472
        1054    -6.57337    -6.63768  0.00860676
        1055    -6.57284    -6.63761  0.00859883
        1056    -6.57144    -6.63755  0.00859091
        1057    -6.57113    -6.63749  0.00858301
        1058    -6.57061    -6.63743  0.00857513
        1059     -6.5702    -6.63736  0.00856727
        1060    -6.56992     -6.6373  0.00855943
        1061    -6.56911    -6.63723   0.0085516
        1062    -6.56971    -6.63717  0.00854378
        1063    -6.57011    -6.63711  0.00853598
        1064    -6.57064    -6.63705  0.00852819
        1065    -6.57162    -6.63698   0.0085204
        1066    -6.57207    -6.63692  0.00851262
        1067    -6.57264    -6.63686  0.00850486
        1068    -6.57366     -6.6368   0.0084971
        1069    -6.57481    -6.63675  0.00848935
        1070    -6.57607    -6.63669  0.00848161
        1071    -6.57713    -6.63663  0.00847387
        1072    -6.57798    -6.63658  0.00846614
        1073    -6.57927    -6.63653  0.00845842
        1074    -6.58132    -6.63647   0.0084507
        1075    -6.58315    -6.63642  0.00844298
        1076    -6.58477    -6.63638  0.00843527
        1077    -6.58682    -6.63633  0.00842757
        1078    -6.58929    -6.63629  0.00841986
        1079    -6.59153    -6.63625  0.00841216
        1080     -6.5929    -6.63621  0.00840447
        1081      -6.595    -6.63617  0.00839678
        1082    -6.59687    -6.63613   0.0083891
        1083    -6.59914     -6.6361  0.00838142
        1084     -6.6015    -6.63606  0.00837375
        1085    -6.60392    -6.63603  0.00836608
        1086    -6.60609    -6.63601  0.00835843
        1087      -6.608    -6.63598  0.00835078
        1088     -6.6103    -6.63596  0.00834313
        1089    -6.61297    -6.63594   0.0083355
        1090    -6.61537    -6.63592  0.00832787
        1091    -6.61783     -6.6359  0.00832026
        1092    -6.62129    -6.63589  0.00831265
        1093     -6.6235    -6.63588  0.00830505
        1094     -6.6264    -6.63587  0.00829746
        1095    -6.62932    -6.63586  0.00828989
        1096    -6.63227    -6.63586  0.00828233
        1097    -6.63588    -6.63586  0.00827478
        1098    -6.63886    -6.63586  0.00826724
        1099     -6.6425    -6.63587  0.00825972
        1100    -6.64486    -6.63588  0.00825221
        1101    -6.64786    -6.63589  0.00824473
        1102    -6.65119     -6.6359  0.00823726
        1103    -6.65354    -6.63592   0.0082298
        1104    -6.65685    -6.63594  0.00822237
        1105    -6.65982    -6.63596  0.00821496
        1106    -6.66245    -6.63598  0.00820757
        1107    -6.66538    -6.63601   0.0082002
        1108    -6.66829    -6.63604  0.00819285
        1109    -6.67083    -6.63607  0.00818552
        1110    -6.67302     -6.6361  0.00817821
        1111    -6.67614    -6.63614  0.00817093
        1112    -6.67987    -6.63618  0.00816368
        1113    -6.68257    -6.63622  0.00815645
        1114    -6.68523    -6.63626  0.00814925
        1115     -6.6875    -6.63631  0.00814207
        1116    -6.69069    -6.63636  0.00813492
        1117    -6.69317    -6.63641  0.00812779
        1118    -6.69559    -6.63646  0.00812069
        1119    -6.69793    -6.63652  0.00811362
        1120    -6.70086    -6.63657  0.00810658
        1121    -6.70306    -6.63663  0.00809957
        1122    -6.70486    -6.63669  0.00809258
        1123    -6.70723    -6.63676  0.00808561
        1124    -6.70952    -6.63682  0.00807868
        1125    -6.71139    -6.63689  0.00807177
        1126    -6.71286    -6.63695  0.00806488
        1127    -6.71423    -6.63702  0.00805802
        1128    -6.71583    -6.63709  0.00805118
        1129    -6.71637    -6.63716  0.00804435
        1130    -6.71714    -6.63723  0.00803755
        1131    -6.71749    -6.63731  0.00803075
        1132    -6.71903    -6.63738  0.00802398
        1133    -6.72015    -6.63745  0.00801723
        1134    -6.72117    -6.63752   0.0080105
        1135    -6.72175     -6.6376  0.00800379
        1136    -6.72224    -6.63767  0.00799709
        1137    -6.72261    -6.63775  0.00799041
        1138    -6.72288    -6.63782  0.00798374
        1139    -6.72305     -6.6379  0.00797708
        1140    -6.72278    -6.63797  0.00797043
        1141    -6.72241    -6.63805  0.00796378
        1142    -6.72258    -6.63812  0.00795716
        1143    -6.72199    -6.63819  0.00795053
        1144    -6.72162    -6.63827  0.00794392
        1145    -6.72147    -6.63834  0.00793731
        1146    -6.72185    -6.63841  0.00793072
        1147    -6.72213    -6.63848  0.00792414
        1148    -6.72198    -6.63856  0.00791757
        1149    -6.72108    -6.63863  0.00791101
        1150    -6.72072     -6.6387  0.00790445
        1151    -6.71961    -6.63877   0.0078979
        1152    -6.71872    -6.63884  0.00789134
        1153    -6.71773    -6.63891   0.0078848
        1154    -6.71696    -6.63898  0.00787825
        1155    -6.71577    -6.63904  0.00787171
        1156    -6.71481    -6.63911  0.00786518
        1157    -6.71375    -6.63917  0.00785864
        1158    -6.71195    -6.63924  0.00785211
        1159     -6.7107     -6.6393  0.00784558
        1160    -6.71002    -6.63936  0.00783905
        1161    -6.70828    -6.63942  0.00783252
        1162    -6.70646    -6.63948  0.00782599
        1163    -6.70391    -6.63953  0.00781946
        1164    -6.70192    -6.63958  0.00781293
        1165    -6.70018    -6.63964  0.00780639
        1166    -6.69805    -6.63969  0.00779986
        1167    -6.69551    -6.63973  0.00779332
        1168    -6.69355    -6.63978  0.00778679
        1169    -6.69087    -6.63982  0.00778025
        1170    -6.68942    -6.63987  0.00777371
        1171    -6.68662    -6.63991  0.00776718
        1172    -6.68376    -6.63994  0.00776064
        1173    -6.68213    -6.63998  0.00775411
        1174    -6.67916    -6.64001  0.00774757
        1175    -6.67711    -6.64004  0.00774105
        1176    -6.67437    -6.64007  0.00773452
        1177    -6.67158     -6.6401  0.00772799
        1178    -6.66908    -6.64013  0.00772147
        1179    -6.66622    -6.64015  0.00771495
        1180    -6.66429    -6.64017  0.00770844
        1181    -6.66137    -6.64019  0.00770194
        1182    -6.65938     -6.6402  0.00769544
        1183    -6.65608    -6.64022  0.00768895
        1184    -6.65309    -6.64023  0.00768246
        1185    -6.65008    -6.64023  0.00767598
        1186    -6.64673    -6.64024  0.00766951
        1187    -6.64402    -6.64024  0.00766305
        1188     -6.6413    -6.64024   0.0076566
        1189    -6.63826    -6.64024  0.00765016
        1190    -6.63489    -6.64024  0.00764373
        1191    -6.63089    -6.64023  0.00763732
        1192    -6.62787    -6.64022  0.00763092
        1193    -6.62453    -6.64021  0.00762453
        1194    -6.62122    -6.64019  0.00761816
        1195     -6.6189    -6.64017  0.00761181
        1196    -6.61628    -6.64015  0.00760547
        1197    -6.61271    -6.64013  0.00759915
        1198    -6.61015    -6.64011  0.00759285
        1199    -6.60795    -6.64008  0.00758657
        1200    -6.60481    -6.64005   0.0075803
        1201    -6.60205    -6.64002  0.00757405
        1202    -6.59933    -6.63998  0.00756783
        1203    -6.59602    -6.63995  0.00756163
        1204    -6.59341    -6.63991  0.00755544
        1205    -6.59117    -6.63987  0.00754928
        1206    -6.58804    -6.63982  0.00754315
        1207    -6.58626    -6.63978  0.00753703
        1208    -6.58423    -6.63973  0.00753093
        1209    -6.58098    -6.63969  0.00752486
        1210    -6.57845    -6.63964  0.00751881
        1211    -6.57665    -6.63958  0.00751278
        1212    -6.57461    -6.63953  0.00750677
        1213    -6.57234    -6.63947  0.00750079
        1214     -6.5708    -6.63942  0.00749482
        1215    -6.56872    -6.63936  0.00748888
        1216    -6.56705     -6.6393  0.00748296
        1217    -6.56549    -6.63924  0.00747705
        1218    -6.56338    -6.63918  0.00747117
        1219     -6.5617    -6.63911  0.00746531
        1220    -6.56079    -6.63905  0.00745947
        1221    -6.55999    -6.63898  0.00745364
        1222    -6.55898    -6.63892  0.00744783
        1223    -6.55841    -6.63885  0.00744203
        1224    -6.55765    -6.63879  0.00743625
        1225    -6.55668    -6.63872  0.00743048
        1226    -6.55617    -6.63865  0.00742472
        1227    -6.55545    -6.63858  0.00741898
        1228    -6.55584    -6.63852  0.00741325
        1229    -6.55604    -6.63845  0.00740752
        1230    -6.55572    -6.63838   0.0074018
        1231    -6.55683    -6.63832  0.00739609
        1232    -6.55613    -6.63825  0.00739038
        1233    -6.55654    -6.63818  0.00738469
        1234    -6.55709    -6.63812  0.00737899
        1235    -6.55841    -6.63805   0.0073733
        1236    -6.55922    -6.63799  0.00736761
        1237    -6.55985    -6.63793  0.00736193
        1238    -6.56093    -6.63786  0.00735624
        1239    -6.56214     -6.6378  0.00735056
        1240    -6.56381    -6.63774  0.00734487
        1241    -6.56496    -6.63768  0.00733919
        1242    -6.56657    -6.63763   0.0073335
        1243    -6.56765    -6.63757  0.00732782
        1244    -6.56983    -6.63752  0.00732213
        1245     -6.5731    -6.63747  0.00731643
        1246    -6.57519    -6.63742  0.00731073
        1247    -6.57772    -6.63737  0.00730503
        1248    -6.58069    -6.63732  0.00729931
        1249    -6.58248    -6.63728   0.0072936
        1250    -6.58534    -6.63724  0.00728789
        1251    -6.58797     -6.6372  0.00728217
        1252    -6.59071    -6.63716  0.00727644
        1253    -6.59353    -6.63713  0.00727072
        1254    -6.59677    -6.63709  0.00726499
        1255    -6.59976    -6.63706  0.00725927
        1256    -6.60316    -6.63704  0.00725354
        1257    -6.60631    -6.63701  0.00724781
        1258    -6.61049    -6.63699  0.00724208
        1259    -6.61378    -6.63697  0.00723635
        1260    -6.61679    -6.63696  0.00723062
        1261    -6.61986    -6.63694   0.0072249
        1262    -6.62298    -6.63693  0.00721918
        1263    -6.62614    -6.63692  0.00721347
        1264    -6.63031    -6.63692  0.00720777
        1265    -6.63387    -6.63692  0.00720207
        1266    -6.63714    -6.63692  0.00719638
        1267    -6.64107    -6.63692   0.0071907
        1268    -6.64536    -6.63693  0.00718504
        1269    -6.64933    -6.63694  0.00717938
        1270    -6.65332    -6.63695  0.00717374
        1271    -6.65601    -6.63696  0.00716811
        1272    -6.66033    -6.63698   0.0071625
        1273    -6.66367      -6.637   0.0071569
        1274    -6.66701    -6.63703  0.00715132
        1275     -6.6713    -6.63705  0.00714576
        1276    -6.67493    -6.63708  0.00714023
        1277    -6.67855    -6.63712  0.00713471
        1278    -6.68149    -6.63715  0.00712921
        1279    -6.68473    -6.63719  0.00712373
        1280    -6.68826    -6.63723  0.00711828
        1281    -6.69208    -6.63727  0.00711285
        1282    -6.69554    -6.63732  0.00710745
        1283    -6.69864    -6.63736  0.00710207
        1284    -6.70235    -6.63741  0.00709672
        1285    -6.70569    -6.63747   0.0070914
        1286    -6.70897    -6.63752   0.0070861
        1287    -6.71221    -6.63758  0.00708083
        1288    -6.71507    -6.63764  0.00707559
        1289    -6.71821     -6.6377  0.00707038
        1290    -6.72129    -6.63777  0.00706519
        1291    -6.72464    -6.63784  0.00706004
        1292    -6.72728     -6.6379  0.00705491
        1293    -6.73051    -6.63798  0.00704982
        1294    -6.73335    -6.63805  0.00704476
        1295    -6.73581    -6.63813  0.00703972
        1296    -6.73983     -6.6382  0.00703473
        1297    -6.74216    -6.63828  0.00702976
        1298    -6.74475    -6.63837  0.00702482
        1299    -6.74728    -6.63845  0.00701992
        1300    -6.75007    -6.63854  0.00701504
        1301    -6.75247    -6.63862   0.0070102
        1302    -6.75415    -6.63871  0.00700537
        1303    -6.75641     -6.6388  0.00700058
        1304    -6.75861    -6.63889  0.00699581
        1305    -6.76042    -6.63899  0.00699107
        1306    -6.76215    -6.63908  0.00698636
        1307    -6.76382    -6.63918  0.00698166
        1308     -6.7651    -6.63927  0.00697699
        1309    -6.76632    -6.63937  0.00697233
        1310    -6.76844    -6.63947  0.00696771
        1311    -6.76952    -6.63957   0.0069631
        1312    -6.77151    -6.63967  0.00695852
        1313    -6.77278    -6.63977  0.00695396
        1314    -6.77463    -6.63987  0.00694942
        1315    -6.77641    -6.63998  0.00694491
        1316    -6.77813    -6.64008  0.00694043
        1317    -6.77977    -6.64019  0.00693597
        1318    -6.78136    -6.64029  0.00693153
        1319    -6.78255     -6.6404  0.00692712
        1320    -6.78368    -6.64051  0.00692272
        1321    -6.78506    -6.64062  0.00691834
        1322    -6.78669    -6.64073  0.00691399
        1323    -6.78729    -6.64084  0.00690965
        1324    -6.78717    -6.64095  0.00690532
        1325    -6.78796    -6.64106    0.006901
        1326    -6.78835    -6.64117  0.00689669
        1327    -6.78965    -6.64129   0.0068924
        1328    -6.78926     -6.6414  0.00688811
        1329    -6.78978    -6.64151  0.00688383
        1330     -6.7899    -6.64162  0.00687956
        1331     -6.7906    -6.64173   0.0068753
        1332    -6.79059    -6.64184  0.00687105
        1333     -6.7918    -6.64196  0.00686681
        1334    -6.79198    -6.64207  0.00686259
        1335     -6.7924    -6.64218  0.00685837
        1336    -6.79244    -6.64229  0.00685416
        1337     -6.7924    -6.64241  0.00684995
        1338    -6.79262    -6.64252  0.00684575
        1339    -6.79245    -6.64263  0.00684156
        1340    -6.79318    -6.64274  0.00683737
        1341    -6.79254    -6.64285  0.00683319
        1342    -6.79152    -6.64297  0.00682899
        1343    -6.79042    -6.64308  0.00682479
        1344     -6.7899    -6.64318  0.00682059
        1345    -6.78931    -6.64329  0.00681638
        1346    -6.78833     -6.6434  0.00681217
        1347    -6.78793    -6.64351  0.00680796
        1348    -6.78713    -6.64362  0.00680374
        1349    -6.78658    -6.64372  0.00679952
        1350    -6.78597    -6.64383   0.0067953
        1351    -6.78496    -6.64393  0.00679107
        1352    -6.78388    -6.64403  0.00678684
        1353    -6.78241    -6.64414  0.00678259
        1354    -6.78086    -6.64424  0.00677834
        1355    -6.78054    -6.64434  0.00677408
        1356     -6.7795    -6.64444  0.00676982
        1357    -6.77774    -6.64454  0.00676554
        1358    -6.77624    -6.64463  0.00676126
        1359    -6.77498    -6.64473  0.00675696
        1360    -6.77431    -6.64482  0.00675266
        1361    -6.77226    -6.64492  0.00674835
        1362    -6.76981    -6.64501  0.00674402
        1363    -6.76826     -6.6451  0.00673968
        1364    -6.76664    -6.64519  0.00673533
        1365    -6.76461    -6.64528  0.00673096
        1366    -6.76251    -6.64536  0.00672658
        1367    -6.76001    -6.64545  0.00672218
        1368    -6.75775    -6.64553  0.00671777
        1369    -6.75574    -6.64561  0.00671334
        1370    -6.75301    -6.64569   0.0067089
        1371    -6.75051    -6.64576  0.00670444
        1372    -6.74826    -6.64584  0.00669997
        1373    -6.74561    -6.64591  0.00669549
        1374    -6.74255    -6.64598  0.00669098
        1375    -6.73974    -6.64605  0.00668647
        1376    -6.73684    -6.64612  0.00668193
        1377    -6.73322    -6.64618  0.00667738
        1378    -6.73113    -6.64624  0.00667282
        1379    -6.72799     -6.6463  0.00666824
        1380    -6.72379    -6.64636  0.00666365
        1381    -6.72049    -6.64641  0.00665904
        1382    -6.71678    -6.64646  0.00665441
        1383    -6.71363    -6.64651  0.00664978
        1384    -6.70976    -6.64655  0.00664513
        1385    -6.70646     -6.6466  0.00664047
        1386    -6.70276    -6.64664  0.00663581
        1387    -6.69897    -6.64668  0.00663113
        1388    -6.69511    -6.64671  0.00662644
        1389    -6.69085    -6.64674  0.00662175
        1390    -6.68716    -6.64677  0.00661705
        1391    -6.68275     -6.6468  0.00661234
        1392    -6.67859    -6.64682  0.00660763
        1393    -6.67403    -6.64684  0.00660292
        1394    -6.66973    -6.64686   0.0065982
        1395    -6.66537    -6.64687  0.00659348
        1396    -6.66094    -6.64688  0.00658877
        1397    -6.65613    -6.64689  0.00658406
        1398    -6.65126    -6.64689  0.00657935
        1399    -6.64601    -6.64689  0.00657464
        1400    -6.64168    -6.64689  0.00656995
        1401    -6.63698    -6.64688  0.00656526
        1402    -6.63223    -6.64687  0.00656059
        1403    -6.62711    -6.64685  0.00655593
        1404    -6.62228    -6.64684  0.00655128
        1405    -6.61838    -6.64682  0.00654665
        1406    -6.61284    -6.64679  0.00654204
        1407     -6.6076    -6.64676  0.00653745
        1408    -6.60233    -6.64673  0.00653288
        1409    -6.59737     -6.6467  0.00652834
        1410    -6.59241    -6.64666  0.00652382
        1411    -6.58743    -6.64662  0.00651933
        1412    -6.58278    -6.64657  0.00651487
        1413    -6.57781    -6.64652  0.00651044
        1414    -6.57253    -6.64647  0.00650605
        1415    -6.56791    -6.64642  0.00650169
        1416    -6.56331    -6.64636  0.00649736
        1417    -6.55874    -6.64629  0.00649307
        1418    -6.55421    -6.64623  0.00648882
        1419    -6.54906    -6.64616  0.00648461
        1420    -6.54397    -6.64609  0.00648044
        1421    -6.53893    -6.64601  0.00647632
        1422     -6.5346    -6.64594  0.00647224
        1423    -6.53033    -6.64585   0.0064682
        1424    -6.52581    -6.64577  0.00646421
        1425    -6.52169    -6.64568  0.00646026
        1426    -6.51669    -6.64559  0.00645636
        1427    -6.51243     -6.6455  0.00645251
        1428    -6.50826     -6.6454  0.00644871
        1429    -6.50355     -6.6453  0.00644496
        1430    -6.49959     -6.6452  0.00644126
        1431     -6.4964     -6.6451  0.00643759
        1432    -6.49204    -6.64499  0.00643399
        1433    -6.48878    -6.64488  0.00643042
        1434    -6.48533    -6.64477   0.0064269
        1435    -6.48138    -6.64466  0.00642343
        1436    -6.47789    -6.64454     0.00642
        1437    -6.47488    -6.64442  0.00641662
        1438    -6.47202     -6.6443  0.00641328
        1439      -6.469    -6.64418  0.00640998
        1440    -6.46614    -6.64406  0.00640672
        1441    -6.46378    -6.64393   0.0064035
        1442    -6.46159    -6.64381   0.0064003
        1443    -6.45991    -6.64368  0.00639714
        1444    -6.45679    -6.64355  0.00639402
        1445     -6.4545    -6.64342  0.00639093
        1446    -6.45272    -6.64329  0.00638787
        1447    -6.45178    -6.64315  0.00638483
        1448    -6.45071    -6.64302   0.0063818
        1449    -6.45016    -6.64289  0.00637878
        1450    -6.44916    -6.64275  0.00637578
        1451    -6.44836    -6.64262   0.0063728
        1452    -6.44841    -6.64249  0.00636981
        1453    -6.44801    -6.64235  0.00636683
        1454    -6.44846    -6.64222  0.00636385
        1455    -6.44846    -6.64209  0.00636087
        1456    -6.44931    -6.64195  0.00635788
        1457    -6.45004    -6.64182  0.00635488
        1458    -6.45096    -6.64169  0.00635187
        1459    -6.45208    -6.64156  0.00634884
        1460     -6.4534    -6.64143   0.0063458
        1461    -6.45589    -6.64131  0.00634273
        1462    -6.45728    -6.64118  0.00633964
        1463    -6.45982    -6.64106  0.00633652
        1464    -6.46159    -6.64093  0.00633338
        1465    -6.46451    -6.64081   0.0063302
        1466    -6.46599    -6.64069    0.006327
        1467    -6.46927    -6.64058  0.00632377
        1468     -6.4724    -6.64046   0.0063205
        1469    -6.47569    -6.64035  0.00631719
        1470    -6.47883    -6.64024  0.00631385
        1471    -6.48246    -6.64013  0.00631047
        1472    -6.48527    -6.64003  0.00630706
        1473    -6.48952    -6.63993  0.00630361
        1474    -6.49393    -6.63983  0.00630011
        1475    -6.49685    -6.63973  0.00629658
        1476    -6.50089    -6.63964  0.00629302
        1477    -6.50505    -6.63954  0.00628942
        1478    -6.50934    -6.63946  0.00628578
        1479     -6.5131    -6.63937  0.00628211
        1480    -6.51763    -6.63929   0.0062784
        1481    -6.52226    -6.63921  0.00627466
        1482    -6.52699    -6.63913  0.00627088
        1483    -6.53247    -6.63906  0.00626707
        1484    -6.53739    -6.63899  0.00626322
        1485     -6.5424    -6.63893  0.00625934
        1486    -6.54748    -6.63887  0.00625543
        1487    -6.55296    -6.63881  0.00625149
        1488     -6.5585    -6.63875  0.00624752
        1489    -6.56379     -6.6387  0.00624353
        1490     -6.5688    -6.63866  0.00623951
        1491    -6.57419    -6.63861  0.00623548
        1492    -6.57929    -6.63857  0.00623143
        1493    -6.58476    -6.63854  0.00622736
        1494    -6.58993    -6.63851  0.00622327
        1495    -6.59545    -6.63848  0.00621918
        1496    -6.60164    -6.63845  0.00621507
        1497    -6.60687    -6.63843  0.00621095
        1498    -6.61211    -6.63841  0.00620683
        1499    -6.61799     -6.6384  0.00620271
        1500     -6.6242    -6.63839  0.00619858
        1501    -6.63008    -6.63839  0.00619445
        1502    -6.63562    -6.63838  0.00619033
        1503    -6.64146    -6.63839  0.00618621
        1504    -6.64695    -6.63839   0.0061821
        1505    -6.65241     -6.6384    0.006178
        1506    -6.65783    -6.63841  0.00617391
        1507    -6.66289    -6.63843  0.00616983
        1508     -6.6679    -6.63845  0.00616577
        1509    -6.67384    -6.63847  0.00616173
        1510    -6.67939     -6.6385  0.00615771
        1511    -6.68521    -6.63853  0.00615371
        1512    -6.69031    -6.63856  0.00614974
        1513      -6.696     -6.6386  0.00614579
        1514    -6.70031    -6.63864  0.00614187
        1515     -6.7052    -6.63869  0.00613797
        1516    -6.71032    -6.63873   0.0061341
        1517    -6.71471    -6.63878  0.00613026
        1518    -6.71933    -6.63884  0.00612646
        1519    -6.72385    -6.63889  0.00612268
        1520    -6.72795    -6.63895  0.00611893
        1521    -6.73228    -6.63901  0.00611522
        1522    -6.73617    -6.63908  0.00611153
        1523    -6.74028    -6.63914  0.00610788
        1524    -6.74362    -6.63921  0.00610426
        1525     -6.7462    -6.63928  0.00610066
        1526    -6.75061    -6.63936  0.00609709
        1527    -6.75457    -6.63943  0.00609357
        1528    -6.75775    -6.63951  0.00609007
        1529    -6.76113    -6.63959  0.00608661
        1530    -6.76502    -6.63967  0.00608318
        1531    -6.76846    -6.63975  0.00607979
        1532    -6.77144    -6.63984  0.00607643
        1533     -6.7746    -6.63993   0.0060731
        1534    -6.77729    -6.64002   0.0060698
        1535    -6.77984    -6.64011  0.00606653
        1536    -6.78257     -6.6402  0.00606329
        1537    -6.78483     -6.6403  0.00606008
        1538    -6.78694    -6.64039  0.00605689
        1539    -6.78792    -6.64049  0.00605371
        1540    -6.78973    -6.64058  0.00605055
        1541    -6.79041    -6.64068  0.00604741
        1542    -6.79224    -6.64078  0.00604429
        1543    -6.79424    -6.64088  0.00604119
        1544    -6.79576    -6.64098  0.00603811
        1545    -6.79583    -6.64108  0.00603503
        1546    -6.79672    -6.64118  0.00603197
        1547    -6.79713    -6.64128  0.00602891
        1548     -6.7977    -6.64138  0.00602586
        1549    -6.79844    -6.64148  0.00602283
        1550    -6.79968    -6.64159   0.0060198
        1551    -6.80012    -6.64169  0.00601679
        1552     -6.8004    -6.64179  0.00601378
        1553    -6.80021    -6.64189  0.00601078
        1554    -6.80019    -6.64199  0.00600777
        1555    -6.79872    -6.64209  0.00600475
        1556     -6.7984    -6.64219  0.00600173
        1557    -6.79729    -6.64229  0.00599871
        1558    -6.79635    -6.64239  0.00599567
        1559    -6.79592    -6.64249  0.00599263
        1560    -6.79502    -6.64259  0.00598959
        1561    -6.79334    -6.64269  0.00598653
        1562    -6.79184    -6.64278  0.00598346
        1563    -6.79021    -6.64288  0.00598037
        1564    -6.78844    -6.64297  0.00597728
        1565     -6.7859    -6.64306  0.00597415
        1566     -6.7842    -6.64315  0.00597102
        1567    -6.78173    -6.64324  0.00596786
        1568    -6.77979    -6.64333  0.00596469
        1569    -6.77741    -6.64341   0.0059615
        1570    -6.77524     -6.6435   0.0059583
        1571    -6.77264    -6.64358  0.00595507
        1572    -6.76993    -6.64366  0.00595183
        1573    -6.76712    -6.64374  0.00594856
        1574    -6.76453    -6.64381  0.00594528
        1575    -6.76153    -6.64389  0.00594197
        1576    -6.75844    -6.64396  0.00593864
        1577    -6.75397    -6.64403  0.00593529
        1578    -6.75071     -6.6441  0.00593191
        1579     -6.7477    -6.64416  0.00592852
        1580    -6.74462    -6.64423  0.00592511
        1581    -6.74179    -6.64429  0.00592168
        1582    -6.73696    -6.64435  0.00591823
        1583    -6.73305     -6.6444  0.00591475
        1584     -6.7294    -6.64446  0.00591126
        1585    -6.72603    -6.64451  0.00590776
        1586    -6.72197    -6.64456  0.00590423
        1587    -6.71787     -6.6446  0.00590069
        1588    -6.71373    -6.64465  0.00589714
        1589    -6.71054    -6.64469  0.00589357
        1590    -6.70732    -6.64473     0.00589
        1591    -6.70247    -6.64476  0.00588641
        1592     -6.6989     -6.6448  0.00588281
        1593    -6.69467    -6.64483   0.0058792
        1594    -6.69108    -6.64486  0.00587558
        1595    -6.68749    -6.64489  0.00587196
        1596    -6.68327    -6.64491  0.00586833
        1597    -6.67873    -6.64493  0.00586469
        1598    -6.67518    -6.64495  0.00586105
        1599      -6.671    -6.64497  0.00585741
        1600     -6.6662    -6.64498  0.00585377
        1601    -6.66175    -6.64499  0.00585012
        1602    -6.65767      -6.645  0.00584647
        1603    -6.65427      -6.645  0.00584283
        1604    -6.65091    -6.64501  0.00583919
        1605    -6.64793    -6.64501  0.00583555
        1606    -6.64468    -6.64501  0.00583192
        1607    -6.64084    -6.64501  0.00582829
        1608    -6.63738      -6.645  0.00582466
        1609    -6.63431    -6.64499  0.00582105
        1610    -6.63067    -6.64499  0.00581744
        1611    -6.62678    -6.64497  0.00581384
        1612    -6.62296    -6.64496  0.00581025
        1613    -6.62085    -6.64495  0.00580667
        1614     -6.6172    -6.64493  0.00580309
        1615    -6.61429    -6.64491  0.00579953
        1616    -6.61179    -6.64489  0.00579598
        1617    -6.60939    -6.64487  0.00579244
        1618    -6.60676    -6.64484   0.0057889
        1619    -6.60423    -6.64482  0.00578538
        1620    -6.60213    -6.64479  0.00578187
        1621    -6.60046    -6.64476  0.00577837
        1622    -6.59857    -6.64474  0.00577488
        1623    -6.59646    -6.64471   0.0057714
        1624    -6.59479    -6.64468  0.00576792
        1625    -6.59227    -6.64464  0.00576446
        1626     -6.5905    -6.64461  0.00576101
        1627    -6.58885    -6.64458  0.00575758
        1628    -6.58861    -6.64454  0.00575414
        1629    -6.58687    -6.64451  0.00575072
        1630    -6.58493    -6.64447  0.00574731
        1631    -6.58375    -6.64443   0.0057439
        1632    -6.58268    -6.64439  0.00574051
        1633    -6.58206    -6.64436  0.00573712
        1634    -6.58059    -6.64432  0.00573374
        1635    -6.57988    -6.64428  0.00573037
        1636    -6.57961    -6.64424    0.005727
        1637     -6.5801     -6.6442  0.00572364
        1638    -6.57974    -6.64416  0.00572028
        1639    -6.57981    -6.64412  0.00571693
        1640    -6.57967    -6.64408  0.00571357
        1641    -6.57964    -6.64404  0.00571023
        1642    -6.58005      -6.644  0.00570688
        1643    -6.57991    -6.64396  0.00570354
        1644     -6.5802    -6.64393  0.00570021
        1645    -6.58026    -6.64389  0.00569687
        1646    -6.58042    -6.64385  0.00569354
        1647    -6.58068    -6.64381  0.00569021
        1648    -6.58136    -6.64377  0.00568689
        1649    -6.58212    -6.64373  0.00568356
        1650    -6.58233     -6.6437  0.00568024
        1651    -6.58295    -6.64366  0.00567692
        1652    -6.58397    -6.64362   0.0056736
        1653    -6.58507    -6.64359  0.00567027
        1654    -6.58624    -6.64355  0.00566695
        1655    -6.58814    -6.64352  0.00566363
        1656     -6.5901    -6.64349   0.0056603
        1657    -6.59115    -6.64346  0.00565697
        1658    -6.59291    -6.64343  0.00565364
        1659    -6.59473     -6.6434  0.00565031
        1660    -6.59627    -6.64337  0.00564698
        1661    -6.59754    -6.64334  0.00564364
        1662    -6.59918    -6.64331  0.00564031
        1663    -6.60021    -6.64329  0.00563698
        1664    -6.60193    -6.64326  0.00563365
        1665      -6.604    -6.64324  0.00563031
        1666    -6.60578    -6.64322  0.00562698
        1667    -6.60597     -6.6432  0.00562365
        1668    -6.60781    -6.64317  0.00562031
        1669    -6.60967    -6.64315  0.00561698
        1670    -6.61089    -6.64313  0.00561365
        1671    -6.61343    -6.64312  0.00561032
        1672    -6.61566     -6.6431  0.00560699
        1673    -6.61724    -6.64309  0.00560366
        1674    -6.61981    -6.64307  0.00560033
        1675    -6.62141    -6.64306    0.005597
        1676    -6.62365    -6.64305  0.00559367
        1677    -6.62622    -6.64304  0.00559035
        1678    -6.62717    -6.64303  0.00558702
        1679    -6.62876    -6.64302   0.0055837
        1680    -6.63066    -6.64301  0.00558038
        1681    -6.63255    -6.64301  0.00557707
        1682    -6.63411      -6.643  0.00557375
        1683    -6.63566      -6.643  0.00557044
        1684    -6.63783    -6.64299  0.00556714
        1685    -6.63999    -6.64299  0.00556383
        1686    -6.64278    -6.64299  0.00556053
        1687    -6.64459    -6.64299  0.00555724
        1688    -6.64605    -6.64299  0.00555395
        1689    -6.64911      -6.643  0.00555066
        1690    -6.65053      -6.643  0.00554738
        1691    -6.65225    -6.64301   0.0055441
        1692    -6.65459    -6.64301  0.00554083
        1693    -6.65691    -6.64302  0.00553756
        1694    -6.65792    -6.64303   0.0055343
        1695     -6.6589    -6.64304  0.00553104
        1696    -6.66115    -6.64305  0.00552779
        1697    -6.66305    -6.64306  0.00552454
        1698    -6.66428    -6.64307   0.0055213
        1699    -6.66581    -6.64309  0.00551807
        1700    -6.66732     -6.6431  0.00551484
        1701    -6.66848    -6.64312  0.00551162
        1702    -6.67058    -6.64313  0.00550841
        1703    -6.67299    -6.64315   0.0055052
        1704    -6.67441    -6.64317    0.005502
        1705     -6.6758    -6.64319  0.00549881
        1706    -6.67588    -6.64321  0.00549562
        1707    -6.67691    -6.64323  0.00549243
        1708    -6.67791    -6.64325  0.00548925
        1709     -6.6789    -6.64327  0.00548608
        1710    -6.68019    -6.64329  0.00548292
        1711    -6.68179    -6.64331  0.00547976
        1712    -6.68305    -6.64334  0.00547661
        1713    -6.68429    -6.64336  0.00547346
        1714    -6.68487    -6.64338  0.00547032
        1715    -6.68738    -6.64341  0.00546719
        1716     -6.6889    -6.64344  0.00546407
        1717    -6.69009    -6.64346  0.00546096
        1718    -6.69029    -6.64349  0.00545784
        1719    -6.69146    -6.64352  0.00545474
        1720    -6.69196    -6.64355  0.00545164
        1721    -6.69245    -6.64358  0.00544855
        1722    -6.69325     -6.6436  0.00544546
        1723    -6.69436    -6.64363  0.00544238
        1724    -6.69611    -6.64366  0.00543931
        1725     -6.6972     -6.6437  0.00543624
        1726    -6.69827    -6.64373  0.00543319
        1727    -6.69934    -6.64376  0.00543014
        1728    -6.70039    -6.64379  0.00542709
        1729    -6.70175    -6.64383  0.00542406
        1730    -6.70213    -6.64386  0.00542103
        1731    -6.70346    -6.64389    0.005418
        1732    -6.70478    -6.64393  0.00541499
        1733    -6.70609    -6.64396  0.00541198
        1734    -6.70641      -6.644  0.00540898
        1735    -6.70736    -6.64404  0.00540599
        1736    -6.70828    -6.64407    0.005403
        1737    -6.70951    -6.64411  0.00540002
        1738    -6.71007    -6.64415  0.00539705
        1739    -6.71158    -6.64419  0.00539408
        1740    -6.71144    -6.64423  0.00539112
        1741    -6.71257    -6.64427  0.00538817
        1742    -6.71335    -6.64431  0.00538522
        1743    -6.71345    -6.64435  0.00538228
        1744    -6.71384    -6.64439  0.00537934
        1745    -6.71387    -6.64443   0.0053764
        1746    -6.71451    -6.64447  0.00537347
        1747    -6.71543    -6.64451  0.00537055
        1748    -6.71598    -6.64455  0.00536764
        1749    -6.71585    -6.64459  0.00536472
        1750    -6.71631    -6.64463  0.00536181
        1751    -6.71608    -6.64467  0.00535891
        1752    -6.71645    -6.64471    0.005356
        1753    -6.71643    -6.64475   0.0053531
        1754    -6.71637    -6.64479  0.00535021
        1755    -6.71656    -6.64483  0.00534732
        1756     -6.7167    -6.64487  0.00534443
        1757    -6.71776    -6.64492  0.00534155
        1758    -6.71777    -6.64496  0.00533867
        1759     -6.7174      -6.645  0.00533579
        1760    -6.71729    -6.64504  0.00533292
        1761    -6.71711    -6.64508  0.00533005
        1762    -6.71685    -6.64512  0.00532718
        1763     -6.7175    -6.64516  0.00532431
        1764    -6.71711     -6.6452  0.00532145
        1765    -6.71696    -6.64524  0.00531859
        1766    -6.71641    -6.64528  0.00531573
        1767    -6.71579    -6.64532  0.00531288
        1768    -6.71509    -6.64536  0.00531002
        1769    -6.71463     -6.6454  0.00530716
        1770     -6.7141    -6.64544   0.0053043
        1771    -6.71381    -6.64548  0.00530145
        1772    -6.71279    -6.64552  0.00529859
        1773    -6.71137    -6.64555  0.00529573
        1774    -6.70956    -6.64559  0.00529287
        1775    -6.70831    -6.64563  0.00529001
        1776    -6.70699    -6.64566  0.00528714
        1777    -6.70623    -6.64569  0.00528428
        1778    -6.70475    -6.64573  0.00528141
        1779    -6.70256    -6.64576  0.00527854
        1780    -6.70061    -6.64579  0.00527566
        1781    -6.69859    -6.64582  0.00527278
        1782    -6.69714    -6.64585   0.0052699
        1783     -6.6953    -6.64588  0.00526702
        1784    -6.69405     -6.6459  0.00526414
        1785    -6.69208    -6.64593  0.00526125
        1786    -6.69005    -6.64595  0.00525836
        1787    -6.68795    -6.64598  0.00525547
        1788    -6.68645      -6.646  0.00525258
        1789    -6.68391    -6.64602  0.00524969
        1790    -6.68165    -6.64604  0.00524679
        1791    -6.67901    -6.64606   0.0052439
        1792    -6.67567    -6.64608    0.005241
        1793    -6.67326    -6.64609   0.0052381
        1794    -6.67049    -6.64611  0.00523519
        1795    -6.66799    -6.64612  0.00523229
        1796    -6.66578    -6.64613  0.00522939
        1797    -6.66322    -6.64614  0.00522649
        1798    -6.66063    -6.64615  0.00522359
        1799    -6.65833    -6.64615  0.00522069
        1800    -6.65665    -6.64616  0.00521779
        1801    -6.65366    -6.64616   0.0052149
        1802    -6.65065    -6.64617    0.005212
        1803    -6.64795    -6.64617  0.00520911
        1804    -6.64524    -6.64617  0.00520622
        1805     -6.6422    -6.64616  0.00520334
        1806     -6.6398    -6.64616  0.00520046
        1807    -6.63708    -6.64616  0.00519758
        1808    -6.63403    -6.64615  0.00519471
        1809      -6.631    -6.64614  0.00519185
        1810    -6.62829    -6.64613  0.00518899
        1811    -6.62626    -6.64612  0.00518614
        1812    -6.62391    -6.64611  0.00518329
        1813    -6.62126    -6.64609  0.00518045
        1814    -6.61831    -6.64608  0.00517761
        1815    -6.61475    -6.64606  0.00517479
        1816    -6.61186    -6.64604  0.00517198
        1817    -6.60901    -6.64602  0.00516917
        1818    -6.60685      -6.646  0.00516637
        1819    -6.60441    -6.64598  0.00516358
        1820    -6.60201    -6.64595   0.0051608
        1821    -6.59999    -6.64593  0.00515803
        1822    -6.59801     -6.6459  0.00515526
        1823    -6.59609    -6.64587  0.00515251
        1824    -6.59391    -6.64585  0.00514976
        1825    -6.59146    -6.64582  0.00514703
        1826     -6.5894    -6.64578   0.0051443
        1827    -6.58773    -6.64575  0.00514158
        1828    -6.58613    -6.64572  0.00513887
        1829    -6.58428    -6.64569  0.00513617
        1830     -6.5825    -6.64565  0.00513348
        1831    -6.58112    -6.64562   0.0051308
        1832    -6.57917    -6.64558  0.00512813
        1833    -6.57763    -6.64554  0.00512547
        1834    -6.57552    -6.64551  0.00512281
        1835    -6.57382    -6.64547  0.00512017
        1836     -6.5722    -6.64543  0.00511754
        1837    -6.57068    -6.64539  0.00511491
        1838    -6.56924    -6.64534   0.0051123
        1839    -6.56822     -6.6453  0.00510969
        1840    -6.56761    -6.64526  0.00510709
        1841    -6.56677    -6.64522  0.00510449
        1842    -6.56505    -6.64517  0.00510191
        1843    -6.56537    -6.64513  0.00509932
        1844     -6.5645    -6.64509  0.00509674
        1845    -6.56404    -6.64504  0.00509417
        1846    -6.56367      -6.645   0.0050916
        1847    -6.56373    -6.64496  0.00508903
        1848    -6.56388    -6.64491  0.00508647
        1849     -6.5638    -6.64487  0.00508391
        1850    -6.56414    -6.64482  0.00508135
        1851    -6.56392    -6.64478  0.00507879
        1852    -6.56444    -6.64474  0.00507623
        1853    -6.56538    -6.64469  0.00507367
        1854    -6.56576    -6.64465  0.00507112
        1855    -6.56688    -6.64461  0.00506856
        1856    -6.56712    -6.64457    0.005066
        1857    -6.56808    -6.64453  0.00506344
        1858    -6.56849    -6.64449  0.00506088
        1859    -6.56931    -6.64444  0.00505832
        1860    -6.56955     -6.6444  0.00505576
        1861    -6.57021    -6.64436   0.0050532
        1862    -6.57094    -6.64433  0.00505064
        1863    -6.57174    -6.64429  0.00504808
        1864    -6.57294    -6.64425  0.00504551
        1865    -6.57388    -6.64421  0.00504295
        1866    -6.57489    -6.64417  0.00504038
        1867    -6.57661    -6.64414  0.00503781
        1868    -6.57838     -6.6441  0.00503524
        1869    -6.58021    -6.64407  0.00503266
        1870    -6.58178    -6.64403  0.00503008
        1871    -6.58274      -6.644   0.0050275
        1872     -6.5844    -6.64397  0.00502491
        1873    -6.58675    -6.64394  0.00502232
        1874    -6.58817    -6.64391  0.00501973
        1875    -6.59027    -6.64388  0.00501714
        1876     -6.5924    -6.64385  0.00501454
        1877    -6.59391    -6.64383  0.00501194
        1878    -6.59609     -6.6438  0.00500933
        1879    -6.59765    -6.64378  0.00500673
        1880    -6.60052    -6.64375  0.00500412
        1881    -6.60243    -6.64373   0.0050015
        1882    -6.60371    -6.64371  0.00499889
        1883    -6.60628    -6.64369  0.00499628
        1884    -6.60789    -6.64367  0.00499366
        1885    -6.60982    -6.64365  0.00499104
        1886    -6.61175    -6.64364  0.00498843
        1887    -6.61399    -6.64362  0.00498581
        1888    -6.61622    -6.64361  0.00498319
        1889    -6.61811    -6.64359  0.00498057
        1890     -6.6203    -6.64358  0.00497795
        1891    -6.62215    -6.64357  0.00497533
        1892    -6.62397    -6.64356  0.00497271
        1893    -6.62512    -6.64355  0.00497009
        1894    -6.62688    -6.64354  0.00496747
        1895    -6.62861    -6.64353  0.00496486
        1896     -6.6303    -6.64353  0.00496225
        1897    -6.63195    -6.64352  0.00495963
        1898    -6.63356    -6.64351  0.00495702
        1899    -6.63513    -6.64351  0.00495442
        1900    -6.63665    -6.64351  0.00495181
        1901    -6.63715     -6.6435  0.00494921
        1902    -6.63889     -6.6435   0.0049466
        1903    -6.64189     -6.6435    0.004944
        1904    -6.64321     -6.6435  0.00494141
        1905    -6.64415     -6.6435  0.00493881
        1906    -6.64536     -6.6435  0.00493622
        1907    -6.64652     -6.6435  0.00493363
        1908    -6.64729     -6.6435  0.00493105
        1909    -6.64833    -6.64351  0.00492847
        1910    -6.65028    -6.64351  0.00492589
        1911    -6.65152    -6.64351  0.00492331
        1912    -6.65206    -6.64352  0.00492074
        1913     -6.6535    -6.64352  0.00491817
        1914    -6.65424    -6.64353   0.0049156
        1915    -6.65524    -6.64354  0.00491304
        1916    -6.65488    -6.64354  0.00491048
        1917    -6.65512    -6.64355  0.00490792
        1918    -6.65529    -6.64355  0.00490537
        1919     -6.6554    -6.64356  0.00490281
        1920    -6.65514    -6.64357  0.00490026
        1921    -6.65546    -6.64357  0.00489772
        1922    -6.65637    -6.64358  0.00489517
        1923    -6.65561    -6.64359  0.00489263
        1924    -6.65641    -6.64359  0.00489009
        1925    -6.65619     -6.6436  0.00488756
        1926    -6.65624    -6.64361  0.00488502
        1927    -6.65624    -6.64361  0.00488249
        1928    -6.65619    -6.64362  0.00487997
        1929    -6.65609    -6.64362  0.00487744
        1930    -6.65594    -6.64363  0.00487492
        1931    -6.65575    -6.64364   0.0048724
        1932    -6.65584    -6.64364  0.00486988
        1933    -6.65556    -6.64365  0.00486736
        1934    -6.65557    -6.64366  0.00486485
        1935    -6.65424    -6.64366  0.00486234
        1936    -6.65385    -6.64367  0.00485983
        1937    -6.65342    -6.64367  0.00485732
        1938    -6.65295    -6.64368  0.00485482
        1939    -6.65246    -6.64368  0.00485232
        1940    -6.65128    -6.64369  0.00484982
        1941    -6.65138    -6.64369  0.00484732
        1942     -6.6508    -6.64369  0.00484483
        1943    -6.64987     -6.6437  0.00484234
        1944    -6.64989     -6.6437  0.00483985
        1945    -6.65022     -6.6437  0.00483736
        1946    -6.64923    -6.64371  0.00483487
        1947    -6.64855    -6.64371  0.00483239
        1948    -6.64753    -6.64371  0.00482991
        1949    -6.64682    -6.64371  0.00482743
        1950    -6.64577    -6.64371  0.00482496
        1951    -6.64568    -6.64371  0.00482248
        1952    -6.64494    -6.64371  0.00482001
        1953    -6.64386    -6.64371  0.00481755
        1954    -6.64343    -6.64371  0.00481508
        1955    -6.64267    -6.64371  0.00481262
        1956    -6.64222    -6.64371  0.00481016
        1957    -6.64146    -6.64371   0.0048077
        1958    -6.64036    -6.64371  0.00480524
        1959     -6.6396    -6.64371  0.00480279
        1960    -6.63883    -6.64371  0.00480034
        1961    -6.63807     -6.6437  0.00479789
        1962    -6.63764     -6.6437  0.00479545
        1963    -6.63656     -6.6437  0.00479301
        1964    -6.63549    -6.64369  0.00479057
        1965    -6.63507    -6.64369  0.00478813
        1966    -6.63499    -6.64368   0.0047857
        1967    -6.63427    -6.64368  0.00478327
        1968    -6.63421    -6.64367  0.00478084
        1969    -6.63318    -6.64367  0.00477842
        1970    -6.63281    -6.64366  0.00477599
        1971    -6.63181    -6.64366  0.00477357
        1972    -6.63211    -6.64365  0.00477116
        1973    -6.63145    -6.64364  0.00476874
        1974    -6.63048    -6.64364  0.00476633
        1975    -6.62952    -6.64363  0.00476392
        1976    -6.62889    -6.64362  0.00476152
        1977    -6.62926    -6.64362  0.00475912
        1978    -6.62801    -6.64361  0.00475672
        1979    -6.62743     -6.6436  0.00475432
        1980    -6.62718    -6.64359  0.00475193
        1981    -6.62662    -6.64358  0.00474954
        1982    -6.62639    -6.64357  0.00474715
        1983    -6.62585    -6.64357  0.00474476
        1984    -6.62468    -6.64356  0.00474238
        1985    -6.62481    -6.64355     0.00474
        1986    -6.62431    -6.64354  0.00473762
        1987    -6.62381    -6.64353  0.00473525
        1988    -6.62366    -6.64352  0.00473288
        1989    -6.62286    -6.64351  0.00473051
        1990    -6.62272     -6.6435  0.00472814
        1991    -6.62226    -6.64348  0.00472578
        1992    -6.62214    -6.64347  0.00472342
        1993    -6.62203    -6.64346  0.00472106
        1994    -6.62192    -6.64345  0.00471871
        1995    -6.62151    -6.64344  0.00471636
        1996     -6.6211    -6.64343  0.00471401
        1997    -6.62103    -6.64342  0.00471166
        1998    -6.62031    -6.64341  0.00470931
        1999    -6.61993     -6.6434  0.00470697
        2000    -6.61957    -6.64338  0.00470464
