#     BLOCK:   ACTUAL_P:     P_AVE:       ERROR:
           1       1.716       1.716           0
           2     1.71584     1.71592 5.65846e-05
           3     1.71536     1.71573 0.000156931
           4     1.71456     1.71544 0.000279661
           5     1.71344     1.71504 0.000421303
           6     1.71201     1.71454 0.000579571
           7     1.71026     1.71393  0.00075283
           8     1.70819     1.71321 0.000939834
           9     1.70581     1.71239  0.00113959
          10     1.70311     1.71146  0.00135122
          11     1.70011     1.71043  0.00157398
          12     1.69679     1.70929  0.00180716
          13     1.69316     1.70805  0.00205016
          14     1.68923     1.70671  0.00230257
          15     1.68499     1.70526  0.00256399
          16     1.68045     1.70371  0.00283404
          17      1.6756     1.70205  0.00311245
          18     1.67045      1.7003  0.00339889
          19       1.665     1.69844  0.00369305
          20     1.65925     1.69648  0.00399468
          21     1.65319     1.69442  0.00430352
          22     1.64685     1.69226  0.00461935
          23      1.6402     1.68999  0.00494196
          24     1.63326     1.68763  0.00527115
          25     1.62603     1.68517  0.00560675
          26      1.6185      1.6826  0.00594864
          27     1.61067     1.67994  0.00629667
          28     1.60256     1.67717  0.00665066
          29     1.59415     1.67431  0.00701044
          30     1.58546     1.67135  0.00737586
          31     1.57649     1.66829  0.00774676
          32     1.56723     1.66513    0.008123
          33     1.55768     1.66188  0.00850442
          34     1.54786     1.65852   0.0088909
          35     1.53775     1.65507  0.00928231
          36     1.52738     1.65152  0.00967851
          37     1.51672     1.64788   0.0100793
          38      1.5058     1.64414   0.0104847
          39     1.49461     1.64031   0.0108944
          40     1.48316     1.63638   0.0113082
          41     1.47145     1.63236   0.0117261
          42     1.45948     1.62824   0.0121479
          43     1.44726     1.62403   0.0125733
          44      1.4348     1.61973   0.0130023
          45     1.42209     1.61534   0.0134347
          46     1.40914     1.61086   0.0138703
          47     1.39597     1.60628   0.0143089
          48     1.38257     1.60162   0.0147504
          49     1.36894     1.59687   0.0151945
          50     1.35511     1.59204   0.0156411
          51     1.34106     1.58712     0.01609
          52     1.32682     1.58211   0.0165409
          53     1.31238     1.57702   0.0169937
          54     1.29775     1.57185   0.0174483
          55     1.28295      1.5666   0.0179042
          56     1.26798     1.56127   0.0183615
          57     1.25285     1.55586   0.0188197
          58     1.23756     1.55037   0.0192788
          59     1.22214      1.5448   0.0197384
          60     1.20658     1.53917   0.0201983
          61     1.19089     1.53346   0.0206584
          62      1.1751     1.52768   0.0211183
          63      1.1592     1.52183   0.0215778
          64     1.14322     1.51591   0.0220367
          65     1.12715     1.50993   0.0224947
          66     1.11102     1.50389   0.0229515
          67     1.09483     1.49778   0.0234069
          68      1.0786     1.49162   0.0238606
          69     1.06235      1.4854   0.0243123
          70     1.04607     1.47912   0.0247618
          71      1.0298     1.47279   0.0252088
          72     1.01353     1.46641    0.025653
          73    0.997291     1.45999   0.0260941
          74     0.98109     1.45352   0.0265318
          75    0.964942       1.447    0.026966
          76    0.948861     1.44045   0.0273961
          77    0.932862     1.43386   0.0278221
          78    0.916958     1.42723   0.0282436
          79    0.901165     1.42057   0.0286604
          80    0.885497     1.41388   0.0290721
          81    0.869968     1.40717   0.0294785
          82    0.854592     1.40043   0.0298793
          83    0.839385     1.39367   0.0302742
          84    0.824359     1.38689   0.0306631
          85    0.809529      1.3801   0.0310455
          86     0.79491     1.37329   0.0314214
          87    0.780513     1.36648   0.0317904
          88    0.766353     1.35966   0.0321523
          89    0.752441     1.35284   0.0325069
          90     0.73879     1.34601   0.0328539
          91    0.725412     1.33919   0.0331931
          92    0.712317     1.33238   0.0335244
          93    0.699516     1.32558   0.0338475
          94    0.687021     1.31878   0.0341623
          95    0.674839       1.312   0.0344686
          96    0.662982     1.30524   0.0347663
          97    0.651457      1.2985   0.0350551
          98    0.640272     1.29179    0.035335
          99    0.629435      1.2851   0.0356059
         100    0.618953     1.27844   0.0358675
         101    0.608832     1.27181   0.0361199
         102    0.599077     1.26521    0.036363
         103    0.589693     1.25865   0.0365966
         104    0.580685     1.25213   0.0368207
         105    0.572055     1.24566   0.0370353
         106    0.563807     1.23922   0.0372404
         107    0.555942     1.23284   0.0374358
         108    0.548462      1.2265   0.0376217
         109    0.541367     1.22021    0.037798
         110    0.534657     1.21398   0.0379647
         111    0.528332     1.20781   0.0381219
         112    0.522391     1.20169   0.0382696
         113    0.516833     1.19563   0.0384078
         114    0.511654     1.18963   0.0385367
         115    0.506852     1.18369   0.0386562
         116    0.502424     1.17782   0.0387665
         117    0.498365     1.17201   0.0388677
         118    0.494671     1.16627   0.0389599
         119    0.491337      1.1606   0.0390432
         120    0.488357     1.15499   0.0391176
         121    0.485727     1.14946   0.0391834
         122    0.483438       1.144   0.0392407
         123    0.481486     1.13862   0.0392896
         124    0.479862      1.1333   0.0393303
         125    0.478559     1.12807   0.0393629
         126     0.47757      1.1229   0.0393876
         127    0.476887     1.11782   0.0394046
         128      0.4765     1.11281    0.039414
         129    0.476402     1.10787    0.039416
         130    0.476583     1.10302   0.0394108
         131    0.477035     1.09824   0.0393985
         132    0.477748     1.09354   0.0393795
         133    0.478714     1.08892   0.0393538
         134    0.479923     1.08437   0.0393217
         135    0.481366      1.0799   0.0392833
         136    0.483032     1.07552   0.0392388
         137    0.484912      1.0712   0.0391885
         138    0.486997     1.06697   0.0391325
         139    0.489276     1.06282   0.0390711
         140    0.491741     1.05874   0.0390043
         141    0.494381     1.05473   0.0389325
         142    0.497187     1.05081   0.0388558
         143    0.500149     1.04696   0.0387745
         144    0.503258     1.04318   0.0386886
         145    0.506503     1.03948   0.0385984
         146    0.509876     1.03585   0.0385041
         147    0.513367      1.0323   0.0384059
         148    0.516966     1.02882   0.0383039
         149    0.520666     1.02541   0.0381983
         150    0.524456     1.02207   0.0380894
         151    0.528329      1.0188   0.0379772
         152    0.532275      1.0156    0.037862
         153    0.536287     1.01246   0.0377439
         154    0.540356      1.0094   0.0376231
         155    0.544474      1.0064   0.0374998
         156    0.548634     1.00346    0.037374
         157    0.552828     1.00059    0.037246
         158    0.557049    0.997785    0.037116
         159    0.561288     0.99504   0.0369839
         160     0.56554    0.992356     0.03685
         161    0.569798    0.989731   0.0367145
         162    0.574055    0.987165   0.0365774
         163    0.578306    0.984657   0.0364389
         164    0.582544    0.982205   0.0362991
         165    0.586766    0.979808   0.0361582
         166    0.590964    0.977466   0.0360162
         167    0.595134    0.975177   0.0358732
         168     0.59927    0.972939   0.0357294
         169    0.603369    0.970752   0.0355848
         170    0.607425    0.968615   0.0354396
         171    0.611434    0.966526   0.0352939
         172    0.615393    0.964485   0.0351477
         173    0.619298    0.962489   0.0350011
         174    0.623146    0.960539   0.0348542
         175    0.626934    0.958633   0.0347071
         176    0.630658    0.956769   0.0345599
         177    0.634315    0.954948   0.0344127
         178    0.637905    0.953167   0.0342654
         179    0.641424    0.951425   0.0341182
         180     0.64487    0.949722   0.0339711
         181    0.648242    0.948056   0.0338243
         182    0.651538    0.946427   0.0336776
         183    0.654757    0.944833   0.0335313
         184    0.657899    0.943274   0.0333853
         185    0.660961    0.941748   0.0332397
         186    0.663944    0.940254   0.0330945
         187    0.666848    0.938792   0.0329498
         188    0.669672    0.937361   0.0328056
         189    0.672416    0.935959    0.032662
         190    0.675079    0.934586   0.0325189
         191    0.677662    0.933241   0.0323765
         192    0.680164    0.931922   0.0322347
         193    0.682589    0.930631   0.0320935
         194    0.684934    0.929364   0.0319531
         195    0.687202    0.928122   0.0318134
         196    0.689393    0.926904   0.0316744
         197    0.691509    0.925709   0.0315361
         198    0.693551    0.924537   0.0313986
         199     0.69552    0.923386   0.0312619
         200    0.697418    0.922256    0.031126
         201    0.699247    0.921147   0.0309909
         202    0.701007    0.920057   0.0308567
         203    0.702701    0.918986   0.0307232
         204     0.70433    0.917934   0.0305906
         205    0.705895      0.9169   0.0304589
         206      0.7074    0.915883    0.030328
         207    0.708845    0.914882    0.030198
         208    0.710233    0.913899   0.0300688
         209    0.711567     0.91293   0.0299405
         210    0.712848    0.911978   0.0298131
         211     0.71408     0.91104   0.0296866
         212    0.715263    0.910116   0.0295609
         213      0.7164    0.909207   0.0294361
         214    0.717494    0.908311   0.0293122
         215    0.718547    0.907428   0.0291891
         216     0.71956    0.906559    0.029067
         217    0.720537    0.905701   0.0289456
         218    0.721479    0.904856   0.0288252
         219    0.722388    0.904023   0.0287056
         220    0.723269    0.903201   0.0285869
         221    0.724122    0.902391    0.028469
         222     0.72495    0.901592    0.028352
         223    0.725754    0.900803   0.0282358
         224    0.726537    0.900025   0.0281205
         225    0.727301    0.899258    0.028006
         226    0.728047      0.8985   0.0278923
         227    0.728778    0.897752   0.0277795
         228    0.729494    0.897014   0.0276674
         229      0.7302    0.896286   0.0275562
         230    0.730896    0.895567   0.0274458
         231    0.731584    0.894857   0.0273361
         232    0.732266    0.894156   0.0272273
         233    0.732943    0.893464   0.0271192
         234    0.733618    0.892781   0.0270119
         235    0.734292    0.892107   0.0269054
         236    0.734965    0.891441   0.0267996
         237     0.73564    0.890784   0.0266946
         238    0.736319    0.890135   0.0265903
         239    0.737001    0.889494   0.0264868
         240     0.73769    0.888861    0.026384
         241    0.738386    0.888237   0.0262819
         242    0.739091    0.887621   0.0261805
         243    0.739805    0.887012   0.0260798
         244    0.740532    0.886412   0.0259799
         245    0.741271     0.88582   0.0258806
         246    0.742023    0.885235    0.025782
         247    0.742789    0.884658    0.025684
         248     0.74357    0.884089   0.0255868
         249    0.744367    0.883528   0.0254902
         250    0.745183    0.882975   0.0253942
         251    0.746015    0.882429   0.0252989
         252    0.746867    0.881891   0.0252042
         253    0.747739    0.881361   0.0251102
         254    0.748631    0.880839   0.0250168
         255    0.749544    0.880324    0.024924
         256     0.75048    0.879816   0.0248318
         257    0.751438    0.879317   0.0247402
         258    0.752419    0.878825   0.0246492
         259    0.753425    0.878341   0.0245587
         260    0.754455    0.877864   0.0244689
         261     0.75551    0.877396   0.0243797
         262    0.756591    0.876935    0.024291
         263    0.757698    0.876481   0.0242028
         264    0.758833    0.876036   0.0241153
         265    0.759995    0.875598   0.0240282
         266    0.761185    0.875168   0.0239417
         267    0.762403    0.874745   0.0238558
         268    0.763649    0.874331   0.0237704
         269    0.764922    0.873924   0.0236855
         270    0.766224    0.873525   0.0236011
         271    0.767553    0.873134   0.0235173
         272    0.768911    0.872751   0.0234339
         273    0.770297    0.872376   0.0233511
         274    0.771712    0.872008   0.0232688
         275    0.773154    0.871649   0.0231869
         276    0.774624    0.871297   0.0231056
         277    0.776123    0.870954   0.0230247
         278    0.777649    0.870618   0.0229444
         279    0.779203     0.87029   0.0228645
         280    0.780784    0.869971    0.022785
         281    0.782392    0.869659   0.0227061
         282    0.784026    0.869355   0.0226276
         283    0.785686     0.86906   0.0225496
         284    0.787369    0.868772    0.022472
         285    0.789076    0.868492   0.0223949
         286    0.790806    0.868221   0.0223182
         287    0.792558    0.867957    0.022242
         288    0.794332    0.867701   0.0221663
         289    0.796127    0.867454    0.022091
         290    0.797944    0.867214   0.0220161
         291     0.79978    0.866982   0.0219416
         292    0.801635    0.866759   0.0218676
         293    0.803506    0.866543   0.0217941
         294    0.805394    0.866335   0.0217209
         295    0.807297    0.866135   0.0216482
         296    0.809214    0.865942   0.0215759
         297    0.811145    0.865758   0.0215041
         298    0.813088    0.865581   0.0214327
         299    0.815041    0.865412   0.0213616
         300    0.817002    0.865251    0.021291
         301    0.818972    0.865097   0.0212209
         302    0.820948    0.864951   0.0211511
         303    0.822931    0.864812   0.0210817
         304    0.824918    0.864681   0.0210128
         305    0.826909    0.864557   0.0209443
         306    0.828901     0.86444   0.0208762
         307    0.830895    0.864331   0.0208084
         308    0.832888    0.864229   0.0207411
         309    0.834881    0.864134   0.0206742
         310    0.836871    0.864046   0.0206077
         311    0.838856    0.863965   0.0205416
         312    0.840836    0.863891   0.0204759
         313    0.842808    0.863824   0.0204106
         314    0.844773    0.863763   0.0203457
         315    0.846729    0.863709   0.0202812
         316    0.848675    0.863661   0.0202171
         317     0.85061     0.86362   0.0201533
         318    0.852533    0.863585     0.02009
         319    0.854442    0.863557    0.020027
         320    0.856337    0.863534   0.0199644
         321    0.858217    0.863518   0.0199023
         322    0.860079    0.863507   0.0198405
         323    0.861923    0.863502    0.019779
         324    0.863747    0.863503    0.019718
         325    0.865552    0.863509   0.0196573
         326    0.867336    0.863521    0.019597
         327    0.869098    0.863538   0.0195371
         328    0.870836     0.86356   0.0194775
         329    0.872549    0.863587   0.0194184
         330    0.874237     0.86362   0.0193595
         331    0.875899    0.863657   0.0193011
         332    0.877533    0.863699    0.019243
         333    0.879138    0.863745   0.0191853
         334    0.880714    0.863796   0.0191279
         335    0.882259    0.863851   0.0190709
         336    0.883774     0.86391   0.0190142
         337    0.885257    0.863973   0.0189579
         338    0.886707    0.864041   0.0189019
         339    0.888126    0.864112   0.0188463
         340    0.889509    0.864186    0.018791
         341    0.890857    0.864265   0.0187361
         342    0.892169    0.864346   0.0186815
         343    0.893445    0.864431   0.0186272
         344    0.894684    0.864519   0.0185733
         345    0.895886     0.86461   0.0185196
         346     0.89705    0.864704   0.0184664
         347    0.898175      0.8648   0.0184134
         348    0.899261    0.864899   0.0183607
         349    0.900308    0.865001   0.0183084
         350    0.901317    0.865104   0.0182564
         351    0.902287     0.86521   0.0182047
         352    0.903215    0.865318   0.0181533
         353    0.904104    0.865428   0.0181022
         354    0.904951     0.86554   0.0180514
         355    0.905757    0.865653   0.0180009
         356    0.906523    0.865768   0.0179507
         357    0.907248    0.865884   0.0179008
         358    0.907931    0.866002   0.0178512
         359    0.908574     0.86612   0.0178019
         360    0.909175     0.86624   0.0177528
         361    0.909736     0.86636    0.017704
         362    0.910255    0.866482   0.0176556
         363    0.910733    0.866603   0.0176073
         364    0.911171    0.866726   0.0175594
         365    0.911568    0.866849   0.0175117
         366    0.911925    0.866972   0.0174643
         367    0.912241    0.867095   0.0174172
         368    0.912517    0.867219   0.0173703
         369    0.912755    0.867342   0.0173236
         370    0.912954    0.867465   0.0172772
         371    0.913115    0.867588   0.0172311
         372    0.913238    0.867711   0.0171852
         373    0.913324    0.867833   0.0171396
         374    0.913373    0.867955   0.0170942
         375    0.913385    0.868076    0.017049
         376    0.913363    0.868197   0.0170041
         377    0.913305    0.868316   0.0169594
         378    0.913213    0.868435    0.016915
         379    0.913086    0.868553   0.0168708
         380    0.912926     0.86867   0.0168268
         381    0.912732    0.868785    0.016783
         382    0.912506      0.8689   0.0167395
         383    0.912246    0.869013   0.0166961
         384    0.911954    0.869125    0.016653
         385    0.911632    0.869235   0.0166101
         386     0.91128    0.869344   0.0165675
         387    0.910898    0.869452    0.016525
         388    0.910487    0.869557   0.0164828
         389    0.910046    0.869661   0.0164407
         390    0.909576    0.869764   0.0163989
         391    0.909077    0.869864   0.0163572
         392     0.90855    0.869963   0.0163158
         393    0.907996     0.87006   0.0162746
         394    0.907414    0.870155   0.0162336
         395    0.906806    0.870247   0.0161927
         396    0.906172    0.870338   0.0161521
         397    0.905513    0.870427   0.0161116
         398    0.904828    0.870513   0.0160714
         399    0.904119    0.870597   0.0160313
         400    0.903386    0.870679   0.0159915
         401     0.90263    0.870759   0.0159518
         402    0.901852    0.870836   0.0159123
         403     0.90105    0.870911    0.015873
         404    0.900225    0.870984   0.0158339
         405    0.899379    0.871054   0.0157949
         406    0.898512    0.871122   0.0157562
         407    0.897623    0.871187   0.0157176
         408    0.896713    0.871249   0.0156792
         409    0.895782    0.871309    0.015641
         410    0.894831    0.871367   0.0156029
         411    0.893863    0.871421   0.0155651
         412    0.892877    0.871473   0.0155274
         413    0.891872    0.871523   0.0154898
         414     0.89085     0.87157   0.0154525
         415     0.88981    0.871613   0.0154153
         416    0.888752    0.871655   0.0153783
         417    0.887678    0.871693   0.0153415
         418    0.886588    0.871729   0.0153048
         419    0.885481    0.871762   0.0152683
         420    0.884359    0.871792    0.015232
         421    0.883223    0.871819   0.0151959
         422    0.882072    0.871843   0.0151599
         423    0.880907    0.871864   0.0151241
         424    0.879728    0.871883   0.0150884
         425    0.878535    0.871899   0.0150529
         426    0.877327    0.871911   0.0150176
         427    0.876107    0.871921   0.0149824
         428    0.874876    0.871928   0.0149474
         429    0.873634    0.871932   0.0149126
         430    0.872384    0.871933   0.0148779
         431    0.871123    0.871931   0.0148434
         432    0.869852    0.871926    0.014809
         433    0.868572    0.871919   0.0147748
         434    0.867283    0.871908   0.0147408
         435    0.865986    0.871894   0.0147069
         436    0.864681    0.871878   0.0146732
         437    0.863371    0.871858   0.0146396
         438    0.862055    0.871836   0.0146062
         439    0.860734    0.871811   0.0145729
         440     0.85941    0.871783   0.0145398
         441    0.858082    0.871751   0.0145069
         442    0.856753    0.871718   0.0144741
         443    0.855421    0.871681   0.0144415
         444    0.854088    0.871641    0.014409
         445    0.852754    0.871599   0.0143767
         446    0.851422    0.871553   0.0143445
         447    0.850092    0.871505   0.0143125
         448    0.848765    0.871455   0.0142807
         449    0.847442    0.871401    0.014249
         450    0.846123    0.871345   0.0142174
         451     0.84481    0.871286    0.014186
         452    0.843504    0.871225   0.0141548
         453    0.842207    0.871161   0.0141237
         454    0.840917    0.871094   0.0140927
         455    0.839637    0.871025   0.0140619
         456    0.838367    0.870953   0.0140313
         457    0.837109    0.870879   0.0140007
         458    0.835863    0.870803   0.0139704
         459    0.834631    0.870724   0.0139402
         460    0.833413    0.870643   0.0139101
         461    0.832213    0.870559   0.0138802
         462    0.831029    0.870474   0.0138504
         463    0.829863    0.870386   0.0138208
         464    0.828716    0.870296   0.0137913
         465    0.827588    0.870205   0.0137619
         466     0.82648    0.870111   0.0137327
         467    0.825394    0.870015   0.0137036
         468     0.82433    0.869917   0.0136747
         469     0.82329    0.869818   0.0136459
         470    0.822275    0.869717   0.0136172
         471    0.821285    0.869614   0.0135887
         472    0.820321     0.86951   0.0135603
         473    0.819383    0.869404   0.0135321
         474    0.818472    0.869296    0.013504
         475    0.817589    0.869187    0.013476
         476    0.816735    0.869077   0.0134481
         477    0.815911    0.868966   0.0134204
         478    0.815116    0.868853   0.0133928
         479    0.814352    0.868739   0.0133653
         480     0.81362    0.868624   0.0133379
         481    0.812918    0.868508   0.0133107
         482    0.812249    0.868392   0.0132836
         483    0.811614    0.868274   0.0132566
         484    0.811013    0.868156   0.0132298
         485    0.810446    0.868037    0.013203
         486    0.809912    0.867917   0.0131764
         487    0.809412    0.867797   0.0131499
         488    0.808946    0.867677   0.0131235
         489    0.808514    0.867556   0.0130972
         490    0.808118    0.867434    0.013071
         491    0.807757    0.867313    0.013045
         492    0.807431    0.867191    0.013019
         493    0.807142    0.867069   0.0129932
         494    0.806888    0.866947   0.0129675
         495    0.806671    0.866826   0.0129418
         496    0.806491    0.866704   0.0129163
         497    0.806348    0.866583   0.0128909
         498    0.806242    0.866461   0.0128656
         499    0.806174    0.866341   0.0128404
         500    0.806143     0.86622   0.0128153
         501    0.806151      0.8661   0.0127902
         502    0.806196    0.865981   0.0127653
         503    0.806279    0.865862   0.0127405
         504      0.8064    0.865744   0.0127158
         505     0.80656    0.865627   0.0126911
         506    0.806759    0.865511   0.0126666
         507    0.806996    0.865395   0.0126421
         508    0.807272    0.865281   0.0126178
         509    0.807586    0.865168   0.0125935
         510     0.80794    0.865055   0.0125693
         511    0.808333    0.864944   0.0125452
         512    0.808766    0.864835   0.0125211
         513     0.80924    0.864726   0.0124972
         514    0.809754    0.864619   0.0124734
         515    0.810307    0.864514   0.0124496
         516    0.810901     0.86441   0.0124259
         517    0.811535    0.864308   0.0124023
         518     0.81221    0.864207   0.0123787
         519    0.812925    0.864108   0.0123553
         520     0.81368    0.864011   0.0123319
         521    0.814473    0.863916   0.0123086
         522    0.815306    0.863823   0.0122854
         523    0.816177    0.863732   0.0122622
         524    0.817087    0.863643   0.0122391
         525    0.818036    0.863556   0.0122161
         526    0.819022    0.863471   0.0121932
         527    0.820045    0.863389   0.0121703
         528    0.821105    0.863309   0.0121476
         529    0.822203    0.863231   0.0121248
         530    0.823337    0.863156   0.0121022
         531    0.824506    0.863083   0.0120796
         532    0.825711    0.863013   0.0120571
         533    0.826949    0.862945   0.0120347
         534     0.82822     0.86288   0.0120123
         535    0.829523    0.862818     0.01199
         536    0.830857    0.862758   0.0119678
         537    0.832221    0.862701   0.0119457
         538    0.833613    0.862647   0.0119236
         539    0.835032    0.862596   0.0119016
         540    0.836475    0.862548   0.0118796
         541    0.837943    0.862502   0.0118578
         542    0.839433     0.86246    0.011836
         543    0.840944     0.86242   0.0118142
         544    0.842475    0.862383   0.0117926
         545    0.844023     0.86235    0.011771
         546    0.845587    0.862319   0.0117495
         547    0.847166    0.862291    0.011728
         548    0.848756    0.862267   0.0117066
         549    0.850357    0.862245   0.0116853
         550    0.851965    0.862226   0.0116641
         551     0.85358    0.862211   0.0116429
         552    0.855198    0.862198   0.0116219
         553    0.856818    0.862188   0.0116008
         554    0.858438    0.862181   0.0115799
         555    0.860055    0.862178    0.011559
         556    0.861668    0.862177   0.0115383
         557    0.863275    0.862179   0.0115175
         558    0.864875    0.862183   0.0114969
         559    0.866465    0.862191   0.0114763
         560    0.868043    0.862202   0.0114558
         561    0.869607    0.862215   0.0114354
         562    0.871155    0.862231   0.0114151
         563    0.872687    0.862249   0.0113948
         564    0.874199     0.86227   0.0113747
         565     0.87569    0.862294   0.0113545
         566    0.877157     0.86232   0.0113345
         567    0.878601    0.862349   0.0113146
         568     0.88002     0.86238   0.0112947
         569    0.881413    0.862414   0.0112749
         570    0.882776    0.862449   0.0112552
         571     0.88411    0.862487   0.0112355
         572    0.885414    0.862527   0.0112159
         573    0.886687     0.86257   0.0111964
         574    0.887927    0.862614    0.011177
         575    0.889135     0.86266   0.0111577
         576     0.89031    0.862708   0.0111384
         577     0.89145    0.862758   0.0111192
         578    0.892557    0.862809   0.0111001
         579    0.893629    0.862862   0.0110811
         580    0.894666    0.862917   0.0110621
         581    0.895668    0.862974   0.0110432
         582    0.896634    0.863032   0.0110244
         583    0.897565    0.863091   0.0110056
         584    0.898461    0.863151   0.0109869
         585    0.899324    0.863213   0.0109683
         586    0.900155    0.863276   0.0109498
         587    0.900951     0.86334   0.0109313
         588    0.901715    0.863406   0.0109129
         589    0.902445    0.863472   0.0108946
         590    0.903144    0.863539   0.0108764
         591     0.90381    0.863607   0.0108582
         592    0.904446    0.863676     0.01084
         593    0.905053    0.863746    0.010822
         594    0.905631    0.863817    0.010804
         595    0.906182    0.863888   0.0107861
         596    0.906707     0.86396   0.0107682
         597    0.907206    0.864032   0.0107504
         598    0.907682    0.864105   0.0107327
         599    0.908134    0.864179    0.010715
         600    0.908566    0.864253   0.0106974
         601    0.908977    0.864327   0.0106799
         602     0.90937    0.864402   0.0106624
         603    0.909745    0.864477    0.010645
         604    0.910104    0.864553   0.0106276
         605    0.910448    0.864628   0.0106103
         606    0.910777    0.864705   0.0105931
         607    0.911094    0.864781   0.0105759
         608    0.911401    0.864858   0.0105588
         609    0.911697    0.864935   0.0105418
         610    0.911983    0.865012   0.0105248
         611    0.912261    0.865089   0.0105078
         612    0.912531    0.865167   0.0104909
         613    0.912794    0.865244   0.0104741
         614    0.913053    0.865322   0.0104573
         615    0.913308      0.8654   0.0104406
         616    0.913562    0.865478    0.010424
         617    0.913814    0.865557   0.0104074
         618    0.914065    0.865635   0.0103908
         619    0.914316    0.865714   0.0103743
         620    0.914567    0.865793   0.0103579
         621     0.91482    0.865871   0.0103415
         622    0.915075    0.865951   0.0103252
         623    0.915333     0.86603   0.0103089
         624    0.915595    0.866109   0.0102927
         625    0.915863    0.866189   0.0102766
         626    0.916136    0.866269   0.0102604
         627    0.916415    0.866349   0.0102444
         628    0.916702    0.866429   0.0102284
         629    0.916997    0.866509   0.0102124
         630      0.9173     0.86659   0.0101966
         631    0.917612    0.866671   0.0101807
         632    0.917933    0.866752   0.0101649
         633    0.918264    0.866833   0.0101492
         634    0.918605    0.866915   0.0101335
         635    0.918958    0.866997   0.0101179
         636    0.919322    0.867079   0.0101023
         637    0.919698    0.867162   0.0100868
         638    0.920085    0.867245   0.0100713
         639    0.920485    0.867328   0.0100559
         640    0.920896    0.867412   0.0100405
         641     0.92132    0.867496   0.0100252
         642    0.921756     0.86758     0.01001
         643    0.922206    0.867665  0.00999477
         644    0.922669    0.867751  0.00997961
         645    0.923144    0.867837  0.00996451
         646    0.923633    0.867923  0.00994946
         647    0.924136     0.86801  0.00993446
         648    0.924652    0.868097  0.00991952
         649    0.925181    0.868185  0.00990462
         650    0.925722    0.868274  0.00988978
         651    0.926275    0.868363  0.00987499
         652     0.92684    0.868452  0.00986025
         653    0.927415    0.868543  0.00984556
         654    0.928001    0.868634  0.00983093
         655    0.928598    0.868725  0.00981635
         656    0.929204    0.868817  0.00980181
         657    0.929819     0.86891  0.00978734
         658    0.930443    0.869004  0.00977291
         659    0.931076    0.869098  0.00975853
         660    0.931717    0.869193  0.00974421
         661    0.932367    0.869288  0.00972993
         662    0.933022    0.869385  0.00971571
         663    0.933681    0.869482  0.00970154
         664    0.934344    0.869579  0.00968742
         665    0.935009    0.869678  0.00967336
         666    0.935676    0.869777  0.00965934
         667    0.936343    0.869877  0.00964537
         668    0.937011    0.869977  0.00963146
         669    0.937678    0.870078  0.00961759
         670    0.938341     0.87018  0.00960378
         671    0.939001    0.870283  0.00959001
         672    0.939657    0.870386   0.0095763
         673    0.940306     0.87049  0.00956263
         674    0.940949    0.870594  0.00954901
         675    0.941583      0.8707  0.00953545
         676    0.942207    0.870805  0.00952193
         677    0.942822    0.870912  0.00950846
         678    0.943426    0.871019  0.00949503
         679    0.944017    0.871126  0.00948166
         680    0.944593    0.871234  0.00946833
         681    0.945153    0.871343  0.00945505
         682    0.945696    0.871452  0.00944181
         683    0.946222    0.871561  0.00942863
         684     0.94673    0.871671  0.00941548
         685    0.947219    0.871782  0.00940238
         686    0.947687    0.871892  0.00938933
         687    0.948135    0.872003  0.00937632
         688    0.948562    0.872114  0.00936335
         689    0.948965    0.872226  0.00935042
         690    0.949345    0.872338  0.00933754
         691      0.9497     0.87245   0.0093247
         692     0.95003    0.872562   0.0093119
         693    0.950334    0.872674  0.00929913
         694    0.950614    0.872786  0.00928641
         695    0.950867    0.872899  0.00927373
         696    0.951094    0.873011  0.00926109
         697    0.951293    0.873123  0.00924848
         698    0.951465    0.873236  0.00923591
         699    0.951608    0.873348  0.00922338
         700    0.951722     0.87346  0.00921088
         701    0.951806    0.873571  0.00919842
         702    0.951861    0.873683  0.00918599
         703    0.951885    0.873794   0.0091736
         704    0.951879    0.873905  0.00916124
         705    0.951843    0.874016  0.00914891
         706    0.951779    0.874126  0.00913662
         707    0.951685    0.874235  0.00912435
         708    0.951562    0.874345  0.00911212
         709    0.951409    0.874453  0.00909992
         710    0.951226    0.874562  0.00908774
         711    0.951013    0.874669   0.0090756
         712     0.95077    0.874776  0.00906348
         713    0.950498    0.874882  0.00905139
         714    0.950196    0.874988  0.00903933
         715    0.949865    0.875092  0.00902729
         716    0.949506    0.875196  0.00901528
         717    0.949118    0.875299   0.0090033
         718    0.948702    0.875402  0.00899134
         719    0.948259    0.875503   0.0089794
         720    0.947788    0.875603  0.00896749
         721    0.947291    0.875703  0.00895561
         722    0.946767    0.875801  0.00894374
         723    0.946216    0.875899   0.0089319
         724     0.94564    0.875995  0.00892009
         725    0.945038     0.87609  0.00890829
         726    0.944412    0.876184  0.00889652
         727    0.943763    0.876277  0.00888477
         728     0.94309    0.876369  0.00887304
         729    0.942393     0.87646  0.00886133
         730    0.941673    0.876549  0.00884964
         731     0.94093    0.876637  0.00883797
         732    0.940165    0.876724  0.00882632
         733    0.939378    0.876809  0.00881469
         734    0.938571    0.876893  0.00880309
         735    0.937743    0.876976   0.0087915
         736    0.936895    0.877058  0.00877993
         737    0.936028    0.877138  0.00876838
         738    0.935143    0.877216  0.00875685
         739    0.934241    0.877293  0.00874534
         740    0.933322    0.877369  0.00873385
         741    0.932387    0.877443  0.00872238
         742    0.931435    0.877516  0.00871093
         743    0.930468    0.877587   0.0086995
         744    0.929486    0.877657  0.00868809
         745     0.92849    0.877725  0.00867669
         746    0.927482    0.877792  0.00866532
         747    0.926462    0.877857  0.00865396
         748    0.925432    0.877921  0.00864263
         749    0.924392    0.877983  0.00863131
         750    0.923344    0.878043  0.00862001
         751     0.92229    0.878102  0.00860874
         752     0.92123     0.87816  0.00859748
         753    0.920167    0.878215  0.00858624
         754    0.919101     0.87827  0.00857503
         755    0.918032    0.878322  0.00856383
         756    0.916962    0.878373  0.00855266
         757    0.915892    0.878423   0.0085415
         758    0.914824    0.878471  0.00853037
         759     0.91376    0.878517  0.00851926
         760      0.9127    0.878562  0.00850816
         761    0.911644    0.878606   0.0084971
         762    0.910596    0.878648  0.00848605
         763    0.909557    0.878688  0.00847502
         764    0.908526    0.878727  0.00846402
         765    0.907507    0.878765  0.00845304
         766      0.9065    0.878801  0.00844208
         767    0.905507    0.878836  0.00843115
         768     0.90453     0.87887  0.00842024
         769    0.903569    0.878902  0.00840935
         770    0.902625    0.878932  0.00839848
         771    0.901701    0.878962  0.00838764
         772    0.900798     0.87899  0.00837682
         773    0.899917    0.879017  0.00836603
         774    0.899058    0.879043  0.00835526
         775    0.898225    0.879068  0.00834452
         776    0.897417    0.879092   0.0083338
         777    0.896636    0.879114   0.0083231
         778    0.895882    0.879136  0.00831243
         779    0.895155    0.879156  0.00830179
         780    0.894457    0.879176  0.00829117
         781    0.893789    0.879195  0.00828057
         782    0.893152    0.879213     0.00827
         783    0.892546     0.87923  0.00825946
         784    0.891971    0.879246  0.00824894
         785    0.891429    0.879261  0.00823845
         786     0.89092    0.879276  0.00822798
         787    0.890444     0.87929  0.00821754
         788    0.890002    0.879304  0.00820712
         789    0.889591    0.879317  0.00819673
         790    0.889212    0.879329  0.00818636
         791    0.888866    0.879342  0.00817602
         792    0.888553    0.879353   0.0081657
         793    0.888272    0.879364  0.00815542
         794    0.888023    0.879375  0.00814515
         795    0.887805    0.879386  0.00813491
         796     0.88762    0.879396   0.0081247
         797    0.887466    0.879406  0.00811451
         798    0.887344    0.879416  0.00810435
         799    0.887251    0.879426  0.00809421
         800    0.887188    0.879436   0.0080841
         801    0.887154    0.879445  0.00807401
         802    0.887148    0.879455  0.00806395
         803     0.88717    0.879465  0.00805392
         804    0.887218    0.879474   0.0080439
         805    0.887293    0.879484  0.00803392
         806    0.887392    0.879494  0.00802396
         807    0.887516    0.879504  0.00801402
         808    0.887665    0.879514  0.00800411
         809    0.887836    0.879524  0.00799422
         810    0.888031    0.879535  0.00798436
         811    0.888249    0.879545  0.00797452
         812     0.88849    0.879556  0.00796471
         813    0.888751    0.879568  0.00795492
         814    0.889032    0.879579  0.00794515
         815    0.889333    0.879591  0.00793541
         816    0.889654    0.879604   0.0079257
         817    0.889993    0.879616  0.00791601
         818    0.890351     0.87963  0.00790634
         819    0.890727    0.879643   0.0078967
         820    0.891121    0.879657  0.00788708
         821    0.891534    0.879672  0.00787749
         822    0.891963    0.879687  0.00786792
         823    0.892409    0.879702  0.00785837
         824     0.89287    0.879718  0.00784885
         825    0.893348    0.879734  0.00783936
         826     0.89384    0.879752  0.00782988
         827    0.894349    0.879769  0.00782044
         828    0.894873    0.879787  0.00781101
         829    0.895411    0.879806  0.00780161
         830    0.895962    0.879826  0.00779224
         831    0.896528    0.879846  0.00778289
         832    0.897106    0.879867  0.00777356
         833    0.897697    0.879888  0.00776426
         834    0.898299     0.87991  0.00775498
         835    0.898913    0.879933  0.00774573
         836    0.899539    0.879956   0.0077365
         837    0.900175     0.87998  0.00772729
         838    0.900821    0.880005  0.00771811
         839    0.901477    0.880031  0.00770895
         840    0.902141    0.880057  0.00769982
         841    0.902813    0.880084  0.00769071
         842    0.903494    0.880112  0.00768163
         843    0.904181    0.880141  0.00767257
         844    0.904873     0.88017  0.00766353
         845    0.905569      0.8802  0.00765452
         846    0.906268    0.880231  0.00764554
         847    0.906969    0.880262  0.00763658
         848    0.907672    0.880295  0.00762764
         849    0.908377    0.880328  0.00761873
         850    0.909082    0.880362  0.00760984
         851    0.909786    0.880396  0.00760098
         852    0.910486    0.880431  0.00759214
         853    0.911182    0.880468  0.00758332
         854    0.911874    0.880504  0.00757453
         855    0.912561    0.880542  0.00756576
         856    0.913241     0.88058  0.00755702
         857    0.913913    0.880619   0.0075483
         858    0.914576    0.880658  0.00753961
         859    0.915227    0.880699  0.00753094
         860    0.915865     0.88074   0.0075223
         861    0.916487    0.880781  0.00751367
         862    0.917095    0.880823  0.00750507
         863    0.917686    0.880866   0.0074965
         864    0.918258    0.880909  0.00748795
         865    0.918811    0.880953  0.00747942
         866    0.919342    0.880997  0.00747091
         867    0.919849    0.881042  0.00746243
         868    0.920331    0.881087  0.00745397
         869    0.920788    0.881133  0.00744553
         870    0.921216    0.881179  0.00743712
         871    0.921615    0.881226  0.00742873
         872    0.921985    0.881272  0.00742035
         873    0.922324    0.881319    0.007412
         874     0.92263    0.881367  0.00740367
         875    0.922901    0.881414  0.00739536
         876    0.923136    0.881462  0.00738707
         877    0.923333     0.88151  0.00737881
         878    0.923494    0.881557  0.00737056
         879    0.923615    0.881605  0.00736233
         880    0.923695    0.881653  0.00735412
         881    0.923734    0.881701  0.00734592
         882    0.923731    0.881748  0.00733775
         883    0.923684    0.881796  0.00732959
         884    0.923594    0.881843  0.00732145
         885     0.92346     0.88189  0.00731333
         886    0.923282    0.881937  0.00730523
         887     0.92306    0.881983  0.00729714
         888    0.922793    0.882029  0.00728907
         889    0.922481    0.882075  0.00728101
         890    0.922123     0.88212  0.00727297
         891     0.92172    0.882164  0.00726494
         892    0.921274    0.882208  0.00725693
         893    0.920782    0.882251  0.00724893
         894    0.920245    0.882294  0.00724095
         895    0.919663    0.882336  0.00723298
         896    0.919038    0.882376  0.00722502
         897    0.918369    0.882417  0.00721708
         898    0.917659    0.882456  0.00720915
         899    0.916908    0.882494  0.00720123
         900    0.916117    0.882532  0.00719332
         901     0.91529    0.882568  0.00718543
         902    0.914426    0.882603  0.00717755
         903    0.913528    0.882637  0.00716969
         904    0.912596    0.882671  0.00716183
         905    0.911631    0.882703  0.00715399
         906    0.910635    0.882733  0.00714616
         907    0.909611    0.882763  0.00713834
         908    0.908562    0.882791  0.00713054
         909    0.907487    0.882819  0.00712274
         910     0.90639    0.882845  0.00711496
         911    0.905275    0.882869   0.0071072
         912    0.904142    0.882893  0.00709944
         913    0.902994    0.882915   0.0070917
         914    0.901833    0.882935  0.00708397
         915    0.900662    0.882955  0.00707626
         916    0.899483    0.882973  0.00706855
         917    0.898299    0.882989  0.00706087
         918    0.897113    0.883005  0.00705319
         919    0.895926    0.883019  0.00704553
         920    0.894742    0.883032  0.00703788
         921    0.893563    0.883043  0.00703025
         922    0.892393    0.883053  0.00702263
         923    0.891234    0.883062  0.00701503
         924    0.890088     0.88307  0.00700744
         925    0.888958    0.883076  0.00699987
         926    0.887847    0.883081  0.00699231
         927    0.886759    0.883085  0.00698477
         928    0.885694    0.883088  0.00697724
         929    0.884654     0.88309  0.00696973
         930    0.883643     0.88309  0.00696224
         931    0.882662     0.88309  0.00695476
         932    0.881713    0.883088   0.0069473
         933    0.880799    0.883086  0.00693985
         934    0.879924    0.883082  0.00693242
         935    0.879089    0.883078  0.00692501
         936    0.878294    0.883073  0.00691761
         937    0.877542    0.883067  0.00691023
         938    0.876833     0.88306  0.00690287
         939    0.876169    0.883053  0.00689552
         940    0.875551    0.883045  0.00688819
         941     0.87498    0.883037  0.00688088
         942    0.874459    0.883027  0.00687358
         943    0.873987    0.883018   0.0068663
         944    0.873565    0.883008  0.00685903
         945    0.873195    0.882997  0.00685178
         946    0.872877    0.882987  0.00684454
         947     0.87261    0.882976  0.00683733
         948    0.872395    0.882965  0.00683012
         949    0.872233    0.882953  0.00682294
         950    0.872123    0.882942  0.00681576
         951    0.872065    0.882931  0.00680861
         952    0.872057    0.882919  0.00680146
         953    0.872099    0.882908  0.00679434
         954     0.87219    0.882896  0.00678722
         955    0.872329    0.882885  0.00678012
         956    0.872516    0.882875  0.00677304
         957    0.872749    0.882864  0.00676597
         958    0.873026    0.882854  0.00675892
         959    0.873346    0.882844  0.00675188
         960    0.873708    0.882834  0.00674485
         961     0.87411    0.882825  0.00673784
         962     0.87455    0.882817  0.00673084
         963    0.875026    0.882809  0.00672385
         964    0.875536    0.882801  0.00671688
         965    0.876078    0.882794  0.00670993
         966    0.876648    0.882788  0.00670298
         967    0.877247    0.882782  0.00669605
         968     0.87787    0.882777  0.00668914
         969    0.878515    0.882772  0.00668224
         970    0.879182    0.882769  0.00667535
         971    0.879866    0.882766  0.00666848
         972    0.880566    0.882764  0.00666162
         973    0.881277    0.882762  0.00665477
         974    0.881998    0.882761  0.00664794
         975    0.882726    0.882761  0.00664112
         976    0.883456    0.882762  0.00663431
         977    0.884187    0.882763  0.00662752
         978    0.884915    0.882766  0.00662075
         979    0.885638    0.882768  0.00661399
         980    0.886352    0.882772  0.00660724
         981    0.887055    0.882776   0.0066005
         982    0.887744    0.882782  0.00659378
         983    0.888417    0.882787  0.00658708
         984    0.889071    0.882794  0.00658039
         985    0.889702    0.882801  0.00657371
         986    0.890307    0.882808  0.00656705
         987    0.890884    0.882816   0.0065604
         988     0.89143    0.882825  0.00655377
         989    0.891943    0.882834  0.00654715
         990    0.892421    0.882844  0.00654054
         991     0.89286    0.882854  0.00653395
         992    0.893261    0.882865  0.00652737
         993    0.893619    0.882876   0.0065208
         994    0.893933    0.882887  0.00651425
         995    0.894199    0.882898  0.00650772
         996    0.894417     0.88291  0.00650119
         997    0.894583    0.882921  0.00649468
         998    0.894696    0.882933  0.00648819
         999    0.894756    0.882945   0.0064817
        1000     0.89476    0.882957  0.00647523
        1001    0.894707    0.882968  0.00646877
        1002    0.894597     0.88298  0.00646233
        1003    0.894428    0.882991  0.00645589
        1004    0.894201    0.883003  0.00644947
        1005    0.893914    0.883014  0.00644307
        1006    0.893566    0.883024  0.00643667
        1007    0.893158    0.883034  0.00643029
        1008    0.892689    0.883044  0.00642391
        1009    0.892159    0.883053  0.00641755
        1010    0.891568    0.883061   0.0064112
        1011    0.890917    0.883069  0.00640487
        1012    0.890206    0.883076  0.00639854
        1013    0.889436    0.883082  0.00639223
        1014    0.888608    0.883088  0.00638593
        1015    0.887723    0.883092  0.00637964
        1016    0.886782    0.883096  0.00637336
        1017    0.885788    0.883099  0.00636709
        1018    0.884741      0.8831  0.00636084
        1019    0.883643    0.883101   0.0063546
        1020    0.882497      0.8831  0.00634837
        1021    0.881303    0.883098  0.00634215
        1022    0.880065    0.883095  0.00633594
        1023    0.878786    0.883091  0.00632975
        1024    0.877468    0.883086  0.00632357
        1025    0.876113    0.883079  0.00631741
        1026    0.874726    0.883071  0.00631126
        1027    0.873307    0.883061  0.00630512
        1028    0.871862     0.88305  0.00629899
        1029    0.870393    0.883038  0.00629288
        1030    0.868903    0.883024  0.00628679
        1031    0.867398    0.883009  0.00628071
        1032     0.86588    0.882993  0.00627465
        1033    0.864352    0.882974   0.0062686
        1034     0.86282    0.882955  0.00626257
        1035    0.861287    0.882934  0.00625655
        1036    0.859758    0.882912  0.00625055
        1037    0.858235    0.882888  0.00624457
        1038    0.856724    0.882863   0.0062386
        1039    0.855228    0.882836  0.00623266
        1040    0.853751    0.882808  0.00622673
        1041    0.852299    0.882779  0.00622081
        1042    0.850874    0.882748  0.00621492
        1043    0.849482    0.882716  0.00620904
        1044    0.848127    0.882683  0.00620318
        1045    0.846812    0.882649  0.00619734
        1046    0.845541    0.882613  0.00619152
        1047    0.844318    0.882577  0.00618571
        1048    0.843147    0.882539  0.00617992
        1049    0.842033    0.882501  0.00617415
        1050    0.840978    0.882461   0.0061684
        1051    0.839987    0.882421  0.00616266
        1052    0.839061    0.882379  0.00615694
        1053    0.838206    0.882337  0.00615124
        1054    0.837423    0.882295  0.00614555
        1055    0.836716    0.882252  0.00613988
        1056    0.836087    0.882208  0.00613422
        1057    0.835539    0.882164  0.00612857
        1058    0.835073    0.882119  0.00612294
        1059    0.834692    0.882074  0.00611733
        1060    0.834396    0.882029  0.00611172
        1061    0.834186    0.881984  0.00610613
        1062    0.834065    0.881939  0.00610054
        1063    0.834034    0.881894  0.00609497
        1064    0.834093    0.881849  0.00608941
        1065    0.834242    0.881805  0.00608385
        1066    0.834482     0.88176  0.00607831
        1067    0.834814    0.881716  0.00607277
        1068    0.835235    0.881673  0.00606724
        1069    0.835745     0.88163  0.00606172
        1070    0.836346    0.881587   0.0060562
        1071    0.837035    0.881546  0.00605069
        1072     0.83781    0.881505  0.00604518
        1073    0.838671    0.881465  0.00603968
        1074    0.839617    0.881426  0.00603418
        1075    0.840645    0.881388  0.00602869
        1076    0.841754    0.881351   0.0060232
        1077     0.84294    0.881316  0.00601771
        1078    0.844203    0.881281  0.00601223
        1079    0.845539    0.881248  0.00600675
        1080    0.846948    0.881216  0.00600127
        1081    0.848425    0.881186  0.00599579
        1082    0.849968    0.881157  0.00599032
        1083    0.851575     0.88113  0.00598485
        1084    0.853242    0.881104  0.00597939
        1085    0.854965     0.88108  0.00597392
        1086    0.856742    0.881058  0.00596846
        1087    0.858571    0.881037  0.00596301
        1088    0.860447    0.881018  0.00595756
        1089    0.862367    0.881001  0.00595211
        1090     0.86433    0.880986  0.00594667
        1091    0.866329    0.880972  0.00594124
        1092    0.868364    0.880961  0.00593581
        1093    0.870432    0.880951  0.00593038
        1094    0.872528    0.880943  0.00592497
        1095     0.87465    0.880937  0.00591956
        1096    0.876792    0.880934  0.00591416
        1097    0.878952    0.880932  0.00590877
        1098    0.881127    0.880932  0.00590339
        1099    0.883315    0.880934  0.00589802
        1100     0.88551    0.880938  0.00589266
        1101    0.887711    0.880945  0.00588731
        1102    0.889914    0.880953  0.00588197
        1103    0.892115    0.880963  0.00587665
        1104    0.894313    0.880975  0.00587134
        1105    0.896503    0.880989  0.00586604
        1106    0.898684    0.881005  0.00586076
        1107     0.90085    0.881023  0.00585549
        1108       0.903    0.881043  0.00585024
        1109    0.905129    0.881064    0.005845
        1110    0.907236    0.881088  0.00583979
        1111    0.909315    0.881113  0.00583459
        1112    0.911366    0.881141   0.0058294
        1113    0.913384     0.88117  0.00582424
        1114    0.915368      0.8812  0.00581909
        1115    0.917314    0.881233  0.00581396
        1116    0.919221    0.881267  0.00580885
        1117    0.921085    0.881302  0.00580376
        1118    0.922904     0.88134  0.00579869
        1119    0.924675    0.881378  0.00579363
        1120    0.926396    0.881419   0.0057886
        1121    0.928065     0.88146  0.00578359
        1122     0.92968    0.881503  0.00577859
        1123    0.931239    0.881547  0.00577362
        1124    0.932738    0.881593  0.00576866
        1125    0.934176     0.88164  0.00576372
        1126    0.935551    0.881688   0.0057588
        1127    0.936861    0.881737   0.0057539
        1128    0.938106    0.881786  0.00574902
        1129    0.939283    0.881837  0.00574415
        1130    0.940392    0.881889   0.0057393
        1131     0.94143    0.881942  0.00573447
        1132    0.942397    0.881995  0.00572965
        1133    0.943291    0.882049  0.00572485
        1134    0.944111    0.882104  0.00572006
        1135    0.944856    0.882159  0.00571529
        1136    0.945524    0.882215  0.00571053
        1137    0.946116    0.882271  0.00570578
        1138     0.94663    0.882328  0.00570105
        1139    0.947066    0.882385  0.00569633
        1140    0.947423    0.882442  0.00569162
        1141    0.947703    0.882499  0.00568692
        1142    0.947904    0.882556  0.00568222
        1143    0.948027    0.882614  0.00567754
        1144    0.948072    0.882671  0.00567287
        1145    0.948038    0.882728   0.0056682
        1146    0.947926    0.882785  0.00566354
        1147    0.947735    0.882841  0.00565888
        1148    0.947466    0.882898  0.00565424
        1149    0.947119    0.882954  0.00564959
        1150    0.946696    0.883009  0.00564495
        1151    0.946195    0.883064  0.00564031
        1152    0.945618    0.883118  0.00563568
        1153    0.944965    0.883172  0.00563104
        1154    0.944238    0.883225  0.00562641
        1155    0.943437    0.883277  0.00562178
        1156    0.942565    0.883328  0.00561715
        1157     0.94162    0.883379  0.00561253
        1158    0.940606    0.883428   0.0056079
        1159    0.939523    0.883476  0.00560327
        1160    0.938374    0.883524  0.00559864
        1161    0.937161     0.88357    0.005594
        1162    0.935885    0.883615  0.00558937
        1163    0.934548    0.883659  0.00558474
        1164    0.933152    0.883701   0.0055801
        1165    0.931698    0.883742  0.00557546
        1166    0.930186    0.883782  0.00557082
        1167    0.928617    0.883821  0.00556618
        1168    0.926994    0.883858  0.00556154
        1169    0.925319    0.883893   0.0055569
        1170    0.923593    0.883927  0.00555225
        1171     0.92182    0.883959   0.0055476
        1172    0.920001     0.88399  0.00554295
        1173    0.918139    0.884019  0.00553831
        1174    0.916236    0.884047  0.00553366
        1175    0.914294    0.884072  0.00552901
        1176    0.912316    0.884096  0.00552436
        1177    0.910306    0.884119  0.00551971
        1178    0.908263    0.884139  0.00551506
        1179    0.906191    0.884158  0.00551041
        1180    0.904092    0.884175  0.00550577
        1181    0.901968     0.88419  0.00550113
        1182    0.899822    0.884203  0.00549649
        1183    0.897657    0.884214  0.00549186
        1184    0.895475    0.884224  0.00548723
        1185    0.893278    0.884232   0.0054826
        1186    0.891069    0.884237  0.00547798
        1187    0.888851    0.884241  0.00547337
        1188    0.886625    0.884243  0.00546876
        1189    0.884396    0.884243  0.00546416
        1190    0.882165    0.884242  0.00545957
        1191    0.879935    0.884238  0.00545499
        1192    0.877711    0.884233  0.00545041
        1193    0.875495    0.884225  0.00544585
        1194    0.873289    0.884216   0.0054413
        1195    0.871097    0.884205  0.00543675
        1196    0.868919    0.884192  0.00543222
        1197    0.866759    0.884178  0.00542771
        1198    0.864619    0.884161   0.0054232
        1199    0.862504    0.884143  0.00541871
        1200    0.860415    0.884124  0.00541423
        1201    0.858355    0.884102  0.00540976
        1202    0.856327    0.884079  0.00540531
        1203    0.854334    0.884054  0.00540087
        1204    0.852379    0.884028  0.00539645
        1205    0.850464       0.884  0.00539204
        1206    0.848591    0.883971  0.00538765
        1207    0.846764     0.88394  0.00538328
        1208    0.844985    0.883908  0.00537892
        1209    0.843258    0.883874  0.00537457
        1210    0.841586    0.883839  0.00537025
        1211    0.839971    0.883803  0.00536593
        1212    0.838415    0.883765  0.00536164
        1213    0.836921    0.883727  0.00535736
        1214     0.83549    0.883687  0.00535309
        1215    0.834128    0.883646  0.00534884
        1216    0.832835    0.883605   0.0053446
        1217    0.831614    0.883562  0.00534038
        1218    0.830466    0.883518  0.00533618
        1219    0.829396    0.883474  0.00533198
        1220    0.828406    0.883429   0.0053278
        1221    0.827496    0.883383  0.00532364
        1222    0.826671    0.883336  0.00531948
        1223    0.825932     0.88329  0.00531534
        1224    0.825281    0.883242  0.00531121
        1225    0.824718    0.883194  0.00530709
        1226    0.824247    0.883146  0.00530298
        1227    0.823869    0.883098  0.00529888
        1228    0.823585     0.88305  0.00529478
        1229    0.823397    0.883001   0.0052907
        1230    0.823304    0.882952  0.00528662
        1231    0.823308    0.882904  0.00528255
        1232    0.823409    0.882856  0.00527848
        1233     0.82361    0.882808  0.00527442
        1234    0.823911     0.88276  0.00527036
        1235    0.824309    0.882713   0.0052663
        1236    0.824806    0.882666  0.00526225
        1237    0.825402    0.882619   0.0052582
        1238    0.826097    0.882574  0.00525415
        1239     0.82689    0.882529   0.0052501
        1240     0.82778    0.882485  0.00524605
        1241    0.828765    0.882441  0.00524201
        1242    0.829847    0.882399  0.00523796
        1243    0.831023    0.882358  0.00523391
        1244    0.832291    0.882318  0.00522985
        1245    0.833651    0.882278   0.0052258
        1246    0.835099    0.882241  0.00522174
        1247    0.836634    0.882204  0.00521768
        1248    0.838254    0.882169  0.00521362
        1249    0.839956    0.882135  0.00520956
        1250    0.841739    0.882103  0.00520549
        1251    0.843599    0.882072  0.00520142
        1252    0.845533    0.882043  0.00519735
        1253    0.847537    0.882015  0.00519327
        1254    0.849608    0.881989  0.00518919
        1255    0.851743    0.881965  0.00518511
        1256    0.853938    0.881943  0.00518103
        1257    0.856192    0.881922  0.00517695
        1258      0.8585    0.881904  0.00517287
        1259    0.860859    0.881887  0.00516879
        1260    0.863265    0.881872  0.00516471
        1261    0.865714    0.881859  0.00516063
        1262    0.868202    0.881849  0.00515655
        1263    0.870726     0.88184  0.00515248
        1264    0.873282    0.881833   0.0051484
        1265    0.875867    0.881828  0.00514434
        1266    0.878476    0.881826  0.00514027
        1267    0.881108    0.881825  0.00513622
        1268    0.883758    0.881827  0.00513217
        1269    0.886423     0.88183  0.00512812
        1270    0.889099    0.881836  0.00512409
        1271    0.891783    0.881844  0.00512006
        1272    0.894472    0.881854  0.00511605
        1273    0.897162    0.881866  0.00511204
        1274    0.899851     0.88188  0.00510805
        1275    0.902535    0.881896  0.00510407
        1276     0.90521    0.881914   0.0051001
        1277    0.907873    0.881935  0.00509615
        1278    0.910522    0.881957  0.00509221
        1279    0.913154    0.881981  0.00508829
        1280    0.915766    0.882008  0.00508438
        1281    0.918355    0.882036  0.00508049
        1282    0.920921    0.882067  0.00507662
        1283    0.923461    0.882099  0.00507276
        1284    0.925972    0.882133  0.00506893
        1285    0.928451    0.882169  0.00506511
        1286    0.930897    0.882207  0.00506131
        1287    0.933308    0.882247  0.00505754
        1288    0.935683    0.882288  0.00505378
        1289     0.93802    0.882331  0.00505004
        1290    0.940318    0.882376  0.00504633
        1291    0.942577    0.882423  0.00504264
        1292    0.944793    0.882471  0.00503896
        1293    0.946967    0.882521  0.00503531
        1294    0.949098    0.882573  0.00503169
        1295    0.951184    0.882626  0.00502808
        1296    0.953224     0.88268  0.00502449
        1297    0.955219    0.882736  0.00502093
        1298    0.957168    0.882793  0.00501739
        1299     0.95907    0.882852  0.00501387
        1300    0.960924    0.882912  0.00501038
        1301    0.962731    0.882973   0.0050069
        1302    0.964489    0.883036  0.00500345
        1303    0.966198      0.8831  0.00500001
        1304    0.967859    0.883165   0.0049966
        1305    0.969469    0.883231  0.00499321
        1306     0.97103    0.883298  0.00498984
        1307    0.972541    0.883366  0.00498649
        1308    0.974002    0.883436  0.00498316
        1309    0.975416    0.883506  0.00497985
        1310    0.976782    0.883577  0.00497655
        1311    0.978099    0.883649  0.00497328
        1312    0.979368    0.883722  0.00497002
        1313    0.980587    0.883796  0.00496679
        1314    0.981756    0.883871  0.00496357
        1315    0.982875    0.883946  0.00496036
        1316    0.983945    0.884022  0.00495718
        1317    0.984966    0.884099    0.004954
        1318    0.985938    0.884176  0.00495085
        1319    0.986861    0.884254  0.00494771
        1320    0.987736    0.884332  0.00494458
        1321    0.988561    0.884411  0.00494147
        1322    0.989335     0.88449  0.00493836
        1323     0.99006     0.88457  0.00493528
        1324    0.990735     0.88465   0.0049322
        1325     0.99136    0.884731  0.00492914
        1326    0.991937    0.884812  0.00492608
        1327    0.992464    0.884893  0.00492304
        1328    0.992941    0.884974     0.00492
        1329    0.993369    0.885056  0.00491698
        1330    0.993747    0.885137  0.00491396
        1331    0.994075    0.885219  0.00491095
        1332    0.994352    0.885301  0.00490794
        1333     0.99458    0.885383  0.00490495
        1334    0.994757    0.885465  0.00490196
        1335    0.994884    0.885547  0.00489897
        1336     0.99496    0.885629  0.00489599
        1337    0.994986    0.885711  0.00489301
        1338     0.99496    0.885793  0.00489003
        1339    0.994884    0.885874  0.00488706
        1340    0.994756    0.885955  0.00488409
        1341    0.994579    0.886036  0.00488112
        1342    0.994351    0.886117  0.00487815
        1343    0.994072    0.886197  0.00487518
        1344    0.993743    0.886277  0.00487221
        1345    0.993363    0.886357  0.00486923
        1346    0.992932    0.886436  0.00486626
        1347     0.99245    0.886515  0.00486328
        1348    0.991916    0.886593   0.0048603
        1349     0.99133    0.886671  0.00485732
        1350    0.990693    0.886748  0.00485433
        1351    0.990005    0.886824  0.00485134
        1352    0.989265      0.8869  0.00484835
        1353    0.988473    0.886975  0.00484534
        1354    0.987628    0.887049  0.00484234
        1355    0.986732    0.887123  0.00483932
        1356    0.985785    0.887196   0.0048363
        1357    0.984786    0.887268  0.00483327
        1358    0.983735    0.887339  0.00483023
        1359    0.982631    0.887409  0.00482719
        1360    0.981474    0.887478  0.00482413
        1361    0.980263    0.887546  0.00482107
        1362    0.978998    0.887613    0.004818
        1363    0.977679    0.887679  0.00481492
        1364    0.976305    0.887744  0.00481183
        1365    0.974876    0.887808  0.00480872
        1366    0.973392    0.887871  0.00480561
        1367    0.971852    0.887932  0.00480249
        1368    0.970255    0.887992  0.00479936
        1369      0.9686    0.888051  0.00479621
        1370    0.966888    0.888109  0.00479305
        1371    0.965117    0.888165  0.00478989
        1372    0.963288     0.88822  0.00478671
        1373    0.961402    0.888273  0.00478352
        1374    0.959457    0.888325  0.00478032
        1375    0.957453    0.888375  0.00477711
        1376    0.955388    0.888424  0.00477388
        1377    0.953264    0.888471  0.00477065
        1378     0.95108    0.888516   0.0047674
        1379    0.948836     0.88856  0.00476415
        1380    0.946533    0.888602  0.00476088
        1381    0.944169    0.888642   0.0047576
        1382    0.941746    0.888681  0.00475431
        1383    0.939263    0.888717  0.00475102
        1384     0.93672    0.888752  0.00474771
        1385    0.934118    0.888785   0.0047444
        1386    0.931459    0.888816  0.00474107
        1387    0.928741    0.888844  0.00473774
        1388    0.925966    0.888871   0.0047344
        1389    0.923133    0.888896  0.00473106
        1390    0.920244    0.888918  0.00472771
        1391    0.917302    0.888939  0.00472436
        1392    0.914305    0.888957    0.004721
        1393    0.911254    0.888973  0.00471764
        1394    0.908152    0.888987  0.00471427
        1395    0.904999    0.888998  0.00471091
        1396    0.901797    0.889007  0.00470754
        1397     0.89855    0.889014  0.00470418
        1398    0.895259    0.889019  0.00470081
        1399    0.891926    0.889021  0.00469745
        1400    0.888552     0.88902   0.0046941
        1401    0.885139    0.889018  0.00469075
        1402     0.88169    0.889012   0.0046874
        1403    0.878207    0.889005  0.00468407
        1404    0.874693    0.888995  0.00468074
        1405     0.87115    0.888982  0.00467743
        1406    0.867582    0.888967  0.00467413
        1407    0.863992    0.888949  0.00467084
        1408    0.860384    0.888929  0.00466757
        1409    0.856761    0.888906  0.00466431
        1410    0.853126     0.88888  0.00466107
        1411    0.849483    0.888852  0.00465785
        1412    0.845835    0.888822  0.00465465
        1413    0.842187    0.888789  0.00465148
        1414    0.838542    0.888753  0.00464832
        1415    0.834905    0.888715  0.00464519
        1416    0.831279    0.888675  0.00464209
        1417     0.82767    0.888632  0.00463901
        1418    0.824082    0.888586  0.00463596
        1419     0.82052    0.888538  0.00463295
        1420    0.816988    0.888488  0.00462996
        1421    0.813491    0.888435    0.004627
        1422    0.810032     0.88838  0.00462407
        1423    0.806617    0.888322  0.00462118
        1424    0.803251    0.888263  0.00461832
        1425    0.799937    0.888201   0.0046155
        1426     0.79668    0.888137  0.00461271
        1427    0.793487     0.88807  0.00460995
        1428     0.79036    0.888002  0.00460723
        1429    0.787305    0.887931  0.00460455
        1430    0.784325    0.887859   0.0046019
        1431    0.781426    0.887785  0.00459928
        1432    0.778612    0.887708   0.0045967
        1433    0.775888     0.88763  0.00459416
        1434     0.77326    0.887551  0.00459164
        1435     0.77073    0.887469  0.00458917
        1436    0.768303    0.887386  0.00458672
        1437    0.765983    0.887302  0.00458431
        1438    0.763774    0.887216  0.00458192
        1439     0.76168    0.887129  0.00457957
        1440    0.759703     0.88704  0.00457724
        1441    0.757847     0.88695  0.00457495
        1442    0.756115     0.88686  0.00457267
        1443    0.754511    0.886768  0.00457042
        1444    0.753037    0.886675   0.0045682
        1445    0.751697    0.886582  0.00456599
        1446    0.750493    0.886488   0.0045638
        1447    0.749428    0.886393  0.00456163
        1448    0.748503    0.886298  0.00455947
        1449     0.74772    0.886202  0.00455733
        1450     0.74708    0.886106   0.0045552
        1451    0.746584     0.88601  0.00455307
        1452    0.746234    0.885914  0.00455095
        1453     0.74603    0.885818  0.00454884
        1454    0.745974    0.885721  0.00454673
        1455    0.746065    0.885625  0.00454462
        1456    0.746304     0.88553   0.0045425
        1457    0.746691    0.885434  0.00454038
        1458    0.747223     0.88534  0.00453826
        1459    0.747902    0.885245  0.00453613
        1460    0.748725    0.885152  0.00453398
        1461    0.749693    0.885059  0.00453183
        1462    0.750804    0.884967  0.00452966
        1463    0.752058    0.884877  0.00452747
        1464    0.753451    0.884787  0.00452527
        1465    0.754981    0.884698  0.00452305
        1466    0.756647    0.884611  0.00452081
        1467    0.758446    0.884525  0.00451854
        1468    0.760375     0.88444  0.00451626
        1469    0.762432    0.884357  0.00451395
        1470    0.764614    0.884276  0.00451161
        1471    0.766916    0.884196  0.00450925
        1472    0.769336    0.884118  0.00450686
        1473     0.77187    0.884042  0.00450445
        1474    0.774516    0.883967    0.004502
        1475     0.77727    0.883895  0.00449953
        1476    0.780128    0.883825  0.00449703
        1477    0.783086    0.883757   0.0044945
        1478    0.786139     0.88369  0.00449195
        1479    0.789285    0.883627  0.00448936
        1480    0.792518    0.883565  0.00448675
        1481    0.795836    0.883506  0.00448411
        1482    0.799232    0.883449  0.00448145
        1483    0.802702    0.883395  0.00447876
        1484    0.806244    0.883343  0.00447604
        1485    0.809854    0.883293   0.0044733
        1486    0.813525    0.883246  0.00447054
        1487    0.817252    0.883202  0.00446775
        1488    0.821033     0.88316  0.00446494
        1489    0.824863    0.883121  0.00446212
        1490    0.828737    0.883084  0.00445927
        1491    0.832651     0.88305  0.00445641
        1492    0.836601    0.883019  0.00445353
        1493    0.840581    0.882991  0.00445064
        1494     0.84459    0.882965  0.00444773
        1495     0.84862    0.882942  0.00444482
        1496    0.852669    0.882922  0.00444189
        1497    0.856732    0.882905  0.00443896
        1498    0.860804     0.88289  0.00443602
        1499    0.864882    0.882878  0.00443308
        1500    0.868961    0.882868  0.00443013
        1501    0.873039    0.882862  0.00442719
        1502    0.877111    0.882858  0.00442424
        1503    0.881172    0.882857   0.0044213
        1504    0.885218    0.882859  0.00441836
        1505    0.889245    0.882863  0.00441542
        1506    0.893248     0.88287   0.0044125
        1507    0.897225    0.882879  0.00440958
        1508    0.901172    0.882891  0.00440667
        1509    0.905085    0.882906  0.00440378
        1510    0.908961    0.882923  0.00440089
        1511    0.912797    0.882943  0.00439803
        1512    0.916588    0.882965  0.00439517
        1513    0.920332     0.88299  0.00439234
        1514    0.924025    0.883017  0.00438952
        1515    0.927664    0.883047  0.00438672
        1516    0.931245    0.883078  0.00438394
        1517    0.934765    0.883112  0.00438119
        1518    0.938219    0.883149  0.00437845
        1519    0.941607    0.883187  0.00437574
        1520    0.944925    0.883228  0.00437305
        1521    0.948171    0.883271  0.00437038
        1522    0.951341    0.883315  0.00436774
        1523    0.954434    0.883362  0.00436512
        1524    0.957444    0.883411  0.00436253
        1525    0.960371    0.883461  0.00435996
        1526    0.963213    0.883513  0.00435741
        1527    0.965968    0.883567  0.00435489
        1528    0.968633    0.883623   0.0043524
        1529    0.971206     0.88368  0.00434993
        1530    0.973683    0.883739  0.00434748
        1531    0.976065    0.883799  0.00434506
        1532    0.978349    0.883861  0.00434267
        1533    0.980531    0.883924  0.00434029
        1534    0.982612    0.883989  0.00433794
        1535    0.984587    0.884054  0.00433561
        1536    0.986457    0.884121   0.0043333
        1537     0.98822    0.884188  0.00433101
        1538    0.989875    0.884257  0.00432874
        1539     0.99142    0.884327  0.00432648
        1540    0.992857    0.884397  0.00432425
        1541    0.994182    0.884469  0.00432203
        1542    0.995396     0.88454  0.00431982
        1543    0.996499    0.884613  0.00431763
        1544    0.997489    0.884686  0.00431546
        1545    0.998366     0.88476  0.00431329
        1546    0.999129    0.884834  0.00431113
        1547    0.999779    0.884908  0.00430899
        1548     1.00032    0.884983  0.00430685
        1549     1.00074    0.885057  0.00430472
        1550     1.00105    0.885132  0.00430259
        1551     1.00124    0.885207  0.00430047
        1552     1.00132    0.885282  0.00429835
        1553     1.00129    0.885356  0.00429623
        1554     1.00115    0.885431  0.00429411
        1555      1.0009    0.885505  0.00429199
        1556     1.00054    0.885579  0.00428987
        1557     1.00007    0.885653  0.00428774
        1558    0.999487    0.885726  0.00428561
        1559      0.9988    0.885798  0.00428348
        1560    0.998008     0.88587  0.00428134
        1561    0.997113    0.885941  0.00427919
        1562    0.996115    0.886012  0.00427703
        1563    0.995016    0.886082  0.00427486
        1564    0.993818    0.886151  0.00427268
        1565    0.992523    0.886219  0.00427049
        1566    0.991134    0.886286  0.00426829
        1567    0.989651    0.886352  0.00426608
        1568    0.988079    0.886416  0.00426385
        1569    0.986421     0.88648  0.00426161
        1570    0.984676    0.886543  0.00425935
        1571    0.982848    0.886604  0.00425708
        1572    0.980939    0.886664   0.0042548
        1573    0.978952    0.886723   0.0042525
        1574     0.97689     0.88678  0.00425018
        1575    0.974757    0.886836  0.00424785
        1576    0.972555     0.88689   0.0042455
        1577    0.970289    0.886943  0.00424314
        1578     0.96796    0.886994  0.00424076
        1579    0.965571    0.887044  0.00423837
        1580    0.963126    0.887092  0.00423596
        1581    0.960629    0.887139  0.00423354
        1582    0.958082    0.887184   0.0042311
        1583     0.95549    0.887227  0.00422864
        1584    0.952856    0.887268  0.00422618
        1585    0.950182    0.887308   0.0042237
        1586    0.947474    0.887346  0.00422121
        1587    0.944732    0.887382   0.0042187
        1588    0.941962    0.887416  0.00421618
        1589    0.939167    0.887449  0.00421366
        1590    0.936351     0.88748  0.00421112
        1591    0.933518    0.887509  0.00420857
        1592    0.930671    0.887536  0.00420601
        1593    0.927814    0.887561  0.00420345
        1594     0.92495    0.887585  0.00420088
        1595    0.922083    0.887606   0.0041983
        1596    0.919216    0.887626  0.00419572
        1597    0.916353    0.887644  0.00419313
        1598      0.9135     0.88766  0.00419054
        1599    0.910657    0.887675  0.00418794
        1600     0.90783    0.887687  0.00418534
        1601    0.905022    0.887698  0.00418274
        1602    0.902238    0.887707  0.00418014
        1603     0.89948    0.887714  0.00417754
        1604     0.89675     0.88772  0.00417494
        1605    0.894053    0.887724  0.00417234
        1606    0.891392    0.887726  0.00416974
        1607     0.88877    0.887727  0.00416715
        1608    0.886189    0.887726  0.00416455
        1609    0.883655    0.887723  0.00416197
        1610    0.881169    0.887719  0.00415938
        1611    0.878734    0.887714  0.00415681
        1612    0.876354    0.887707  0.00415423
        1613    0.874032    0.887698  0.00415167
        1614    0.871769    0.887688  0.00414911
        1615     0.86957    0.887677  0.00414655
        1616    0.867435    0.887665  0.00414401
        1617    0.865367    0.887651  0.00414147
        1618    0.863368    0.887636  0.00413893
        1619     0.86144     0.88762  0.00413641
        1620    0.859585    0.887602  0.00413389
        1621    0.857805    0.887584  0.00413138
        1622    0.856103    0.887565  0.00412888
        1623     0.85448    0.887544  0.00412639
        1624    0.852937    0.887523   0.0041239
        1625    0.851476    0.887501  0.00412142
        1626    0.850097    0.887478  0.00411895
        1627    0.848802    0.887454  0.00411649
        1628    0.847591    0.887429  0.00411403
        1629    0.846467    0.887404  0.00411158
        1630    0.845428    0.887379  0.00410914
        1631    0.844476    0.887352  0.00410671
        1632    0.843611    0.887325  0.00410428
        1633    0.842832    0.887298  0.00410186
        1634    0.842139    0.887271  0.00409944
        1635    0.841533    0.887243  0.00409703
        1636    0.841012    0.887214  0.00409462
        1637    0.840577    0.887186  0.00409222
        1638    0.840226    0.887157  0.00408982
        1639     0.83996    0.887128  0.00408743
        1640    0.839777      0.8871  0.00408504
        1641    0.839675    0.887071  0.00408265
        1642    0.839653    0.887042  0.00408026
        1643    0.839711    0.887013  0.00407788
        1644    0.839846    0.886984   0.0040755
        1645    0.840057    0.886956  0.00407312
        1646    0.840342    0.886927  0.00407075
        1647    0.840699    0.886899  0.00406837
        1648    0.841126    0.886872    0.004066
        1649    0.841621    0.886844  0.00406363
        1650    0.842183    0.886817  0.00406125
        1651    0.842811     0.88679  0.00405888
        1652    0.843502    0.886764  0.00405651
        1653    0.844251    0.886738  0.00405414
        1654    0.845057    0.886713  0.00405176
        1655    0.845917    0.886689  0.00404939
        1656    0.846829    0.886665  0.00404702
        1657    0.847791    0.886641  0.00404464
        1658    0.848801    0.886618  0.00404227
        1659    0.849853    0.886596  0.00403989
        1660    0.850947    0.886575  0.00403752
        1661     0.85208    0.886554  0.00403514
        1662    0.853248    0.886534  0.00403276
        1663    0.854448    0.886515  0.00403038
        1664    0.855679    0.886496    0.004028
        1665    0.856939    0.886478  0.00402562
        1666    0.858224    0.886461  0.00402324
        1667    0.859531    0.886445  0.00402086
        1668    0.860858     0.88643  0.00401848
        1669    0.862204    0.886415   0.0040161
        1670    0.863565    0.886402  0.00401372
        1671    0.864939    0.886389  0.00401133
        1672    0.866325    0.886377  0.00400895
        1673     0.86772    0.886366  0.00400657
        1674    0.869122    0.886355  0.00400419
        1675    0.870528    0.886346  0.00400181
        1676    0.871936    0.886337  0.00399943
        1677    0.873346    0.886329  0.00399706
        1678    0.874754    0.886323  0.00399468
        1679     0.87616    0.886317  0.00399231
        1680    0.877563    0.886311  0.00398993
        1681    0.878959    0.886307  0.00398756
        1682    0.880348    0.886303  0.00398519
        1683    0.881727    0.886301  0.00398283
        1684    0.883096    0.886299  0.00398046
        1685    0.884455    0.886298   0.0039781
        1686    0.885803    0.886297  0.00397574
        1687    0.887138    0.886298  0.00397338
        1688    0.888459    0.886299  0.00397103
        1689    0.889767    0.886301  0.00396868
        1690    0.891061    0.886304  0.00396633
        1691     0.89234    0.886308  0.00396399
        1692    0.893602    0.886312  0.00396165
        1693    0.894847    0.886317  0.00395931
        1694    0.896076    0.886323  0.00395698
        1695    0.897287    0.886329  0.00395465
        1696    0.898481    0.886336  0.00395232
        1697    0.899656    0.886344     0.00395
        1698    0.900814    0.886353  0.00394768
        1699    0.901954    0.886362  0.00394537
        1700    0.903076    0.886372  0.00394306
        1701    0.904181    0.886382  0.00394076
        1702    0.905268    0.886393  0.00393846
        1703    0.906337    0.886405  0.00393616
        1704    0.907391    0.886417  0.00393387
        1705    0.908428     0.88643  0.00393159
        1706     0.90945    0.886444  0.00392931
        1707    0.910456    0.886458  0.00392703
        1708    0.911448    0.886472  0.00392476
        1709    0.912425    0.886488  0.00392249
        1710    0.913388    0.886503  0.00392023
        1711    0.914336     0.88652  0.00391797
        1712    0.915271    0.886536  0.00391572
        1713    0.916193    0.886554  0.00391347
        1714    0.917104    0.886572  0.00391123
        1715    0.918003     0.88659  0.00390899
        1716    0.918893    0.886609  0.00390676
        1717    0.919773    0.886628  0.00390453
        1718    0.920643    0.886648  0.00390231
        1719    0.921504    0.886668  0.00390009
        1720    0.922357    0.886689  0.00389788
        1721    0.923199     0.88671  0.00389567
        1722    0.924032    0.886732  0.00389347
        1723    0.924858    0.886754  0.00389127
        1724    0.925674    0.886776  0.00388908
        1725    0.926481    0.886799  0.00388689
        1726     0.92728    0.886823  0.00388471
        1727    0.928068    0.886847  0.00388254
        1728    0.928848    0.886871  0.00388037
        1729    0.929619    0.886896   0.0038782
        1730    0.930381    0.886921  0.00387604
        1731    0.931133    0.886947  0.00387388
        1732    0.931874    0.886972  0.00387173
        1733    0.932605    0.886999  0.00386959
        1734    0.933326    0.887026  0.00386745
        1735    0.934033    0.887053  0.00386532
        1736    0.934728     0.88708  0.00386319
        1737    0.935408    0.887108  0.00386106
        1738    0.936072    0.887136  0.00385894
        1739    0.936719    0.887165  0.00385683
        1740    0.937349    0.887193  0.00385472
        1741    0.937962    0.887223  0.00385262
        1742    0.938555    0.887252  0.00385052
        1743    0.939125    0.887282  0.00384843
        1744    0.939673    0.887312  0.00384634
        1745    0.940195    0.887342  0.00384425
        1746    0.940691    0.887373  0.00384217
        1747    0.941159    0.887403  0.00384009
        1748    0.941598    0.887434  0.00383802
        1749    0.942005    0.887466  0.00383596
        1750     0.94238    0.887497  0.00383389
        1751     0.94272    0.887529  0.00383183
        1752    0.943024     0.88756  0.00382978
        1753    0.943292    0.887592  0.00382772
        1754    0.943521    0.887624  0.00382567
        1755    0.943709    0.887656  0.00382363
        1756    0.943854    0.887688  0.00382158
        1757    0.943956     0.88772  0.00381954
        1758    0.944015    0.887752   0.0038175
        1759    0.944029    0.887784  0.00381547
        1760    0.943995    0.887816  0.00381343
        1761    0.943911    0.887848   0.0038114
        1762    0.943777    0.887879  0.00380937
        1763    0.943591    0.887911  0.00380734
        1764    0.943353    0.887943  0.00380531
        1765    0.943062    0.887974  0.00380328
        1766    0.942717    0.888005  0.00380126
        1767    0.942316    0.888035  0.00379923
        1768    0.941858    0.888066   0.0037972
        1769    0.941343    0.888096  0.00379518
        1770    0.940771    0.888126  0.00379315
        1771    0.940142    0.888155  0.00379112
        1772    0.939456    0.888184  0.00378909
        1773    0.938712    0.888213  0.00378706
        1774    0.937909    0.888241  0.00378503
        1775    0.937051    0.888268    0.003783
        1776    0.936136    0.888295  0.00378096
        1777    0.935164    0.888321  0.00377893
        1778    0.934137    0.888347  0.00377689
        1779    0.933054    0.888372  0.00377485
        1780    0.931916    0.888397  0.00377281
        1781    0.930725    0.888421  0.00377077
        1782     0.92948    0.888444  0.00376872
        1783    0.928183    0.888466  0.00376667
        1784    0.926836    0.888487  0.00376462
        1785    0.925441    0.888508  0.00376257
        1786    0.923996    0.888528  0.00376052
        1787    0.922505    0.888547  0.00375846
        1788     0.92097    0.888565   0.0037564
        1789    0.919391    0.888582  0.00375434
        1790     0.91777    0.888599  0.00375228
        1791     0.91611    0.888614  0.00375022
        1792    0.914412    0.888628  0.00374815
        1793    0.912678    0.888642  0.00374608
        1794     0.91091    0.888654  0.00374402
        1795    0.909112    0.888666  0.00374195
        1796    0.907283    0.888676  0.00373988
        1797    0.905427    0.888685  0.00373781
        1798    0.903546    0.888694  0.00373574
        1799    0.901643    0.888701  0.00373367
        1800    0.899719    0.888707   0.0037316
        1801    0.897778    0.888712  0.00372953
        1802    0.895822    0.888716  0.00372747
        1803    0.893853    0.888719   0.0037254
        1804    0.891873    0.888721  0.00372333
        1805    0.889886    0.888721  0.00372127
        1806    0.887892    0.888721  0.00371921
        1807    0.885896    0.888719  0.00371715
        1808    0.883899    0.888716   0.0037151
        1809    0.881905    0.888713  0.00371305
        1810    0.879916    0.888708    0.003711
        1811    0.877935    0.888702  0.00370895
        1812    0.875965    0.888695  0.00370691
        1813    0.874007    0.888687  0.00370488
        1814    0.872065    0.888678  0.00370285
        1815    0.870141    0.888667  0.00370082
        1816    0.868238    0.888656   0.0036988
        1817     0.86636    0.888644  0.00369678
        1818    0.864509    0.888631  0.00369477
        1819    0.862687    0.888616  0.00369277
        1820    0.860896    0.888601  0.00369077
        1821    0.859137    0.888585  0.00368878
        1822    0.857414    0.888568   0.0036868
        1823     0.85573     0.88855  0.00368482
        1824    0.854086    0.888531  0.00368285
        1825    0.852484    0.888511  0.00368088
        1826    0.850926    0.888491  0.00367892
        1827    0.849416    0.888469  0.00367697
        1828    0.847954    0.888447  0.00367503
        1829    0.846542    0.888424  0.00367309
        1830    0.845183      0.8884  0.00367116
        1831    0.843878    0.888376  0.00366923
        1832     0.84263    0.888351  0.00366732
        1833    0.841438    0.888326  0.00366541
        1834    0.840306    0.888299   0.0036635
        1835    0.839235    0.888273   0.0036616
        1836    0.838226    0.888245  0.00365971
        1837    0.837279    0.888218  0.00365782
        1838    0.836397    0.888189  0.00365594
        1839     0.83558    0.888161  0.00365406
        1840     0.83483    0.888132  0.00365219
        1841    0.834147    0.888103  0.00365033
        1842    0.833532    0.888073  0.00364847
        1843    0.832986    0.888043  0.00364661
        1844     0.83251    0.888013  0.00364475
        1845    0.832103    0.887983  0.00364291
        1846    0.831767    0.887952  0.00364106
        1847    0.831501    0.887922  0.00363922
        1848    0.831304    0.887891  0.00363738
        1849    0.831176     0.88786  0.00363554
        1850    0.831117     0.88783   0.0036337
        1851    0.831126    0.887799  0.00363187
        1852    0.831204    0.887768  0.00363004
        1853     0.83135    0.887738   0.0036282
        1854    0.831564    0.887708  0.00362637
        1855    0.831844    0.887678  0.00362454
        1856    0.832189    0.887648  0.00362271
        1857    0.832599    0.887618  0.00362088
        1858    0.833072    0.887589  0.00361906
        1859    0.833608     0.88756  0.00361722
        1860    0.834205    0.887531  0.00361539
        1861    0.834863    0.887503  0.00361356
        1862    0.835579    0.887475  0.00361173
        1863    0.836352    0.887447  0.00360989
        1864    0.837179     0.88742  0.00360806
        1865    0.838058    0.887394  0.00360622
        1866    0.838986    0.887368  0.00360438
        1867    0.839962    0.887343  0.00360254
        1868    0.840983    0.887318   0.0036007
        1869    0.842047    0.887294  0.00359885
        1870    0.843153     0.88727  0.00359701
        1871      0.8443    0.887247  0.00359516
        1872    0.845482    0.887225   0.0035933
        1873    0.846699    0.887203  0.00359145
        1874    0.847946    0.887182   0.0035896
        1875    0.849223    0.887162  0.00358774
        1876    0.850525    0.887142  0.00358588
        1877    0.851851    0.887123  0.00358402
        1878    0.853197    0.887105  0.00358216
        1879     0.85456    0.887088  0.00358029
        1880    0.855939    0.887072  0.00357842
        1881     0.85733    0.887056  0.00357656
        1882    0.858732    0.887041  0.00357469
        1883    0.860141    0.887026  0.00357282
        1884    0.861556    0.887013  0.00357095
        1885    0.862973       0.887  0.00356908
        1886    0.864389    0.886988   0.0035672
        1887    0.865801    0.886977  0.00356533
        1888    0.867207    0.886966  0.00356346
        1889    0.868604    0.886957  0.00356158
        1890    0.869989    0.886948  0.00355971
        1891    0.871361    0.886939  0.00355784
        1892    0.872715    0.886932  0.00355597
        1893    0.874051    0.886925  0.00355409
        1894    0.875366    0.886919  0.00355222
        1895    0.876658    0.886914  0.00355035
        1896    0.877924    0.886909  0.00354848
        1897    0.879164    0.886905  0.00354662
        1898    0.880375    0.886901  0.00354475
        1899    0.881556    0.886899  0.00354288
        1900    0.882705    0.886896  0.00354102
        1901     0.88382    0.886895  0.00353916
        1902    0.884899    0.886894   0.0035373
        1903    0.885943    0.886893  0.00353544
        1904    0.886949    0.886893  0.00353358
        1905    0.887919    0.886894  0.00353173
        1906    0.888849    0.886895  0.00352987
        1907    0.889738    0.886896  0.00352802
        1908    0.890584    0.886898  0.00352617
        1909    0.891389    0.886901  0.00352433
        1910     0.89215    0.886903  0.00352248
        1911    0.892867    0.886906  0.00352064
        1912    0.893541     0.88691   0.0035188
        1913    0.894171    0.886914  0.00351696
        1914    0.894756    0.886918  0.00351513
        1915    0.895297    0.886922   0.0035133
        1916    0.895793    0.886927  0.00351147
        1917    0.896245    0.886932  0.00350964
        1918    0.896652    0.886937  0.00350781
        1919    0.897016    0.886942  0.00350599
        1920    0.897338    0.886947  0.00350416
        1921    0.897617    0.886953  0.00350235
        1922    0.897854    0.886959  0.00350053
        1923    0.898049    0.886964  0.00349871
        1924    0.898203     0.88697   0.0034969
        1925    0.898317    0.886976  0.00349509
        1926    0.898391    0.886982  0.00349328
        1927    0.898427    0.886988  0.00349147
        1928    0.898425    0.886994  0.00348966
        1929    0.898387       0.887  0.00348786
        1930    0.898314    0.887006  0.00348606
        1931    0.898207    0.887011  0.00348426
        1932    0.898067    0.887017  0.00348246
        1933    0.897895    0.887023  0.00348066
        1934    0.897692    0.887028  0.00347887
        1935    0.897458    0.887034  0.00347707
        1936    0.897197    0.887039  0.00347528
        1937    0.896908    0.887044  0.00347349
        1938    0.896593    0.887049   0.0034717
        1939    0.896253    0.887054  0.00346991
        1940     0.89589    0.887058  0.00346813
        1941    0.895505    0.887063  0.00346634
        1942    0.895099    0.887067  0.00346456
        1943    0.894675    0.887071  0.00346278
        1944    0.894232    0.887074    0.003461
        1945    0.893773    0.887078  0.00345922
        1946    0.893299    0.887081  0.00345745
        1947    0.892812    0.887084  0.00345567
        1948    0.892313    0.887087   0.0034539
        1949    0.891802    0.887089  0.00345213
        1950     0.89128    0.887091  0.00345036
        1951    0.890749    0.887093  0.00344859
        1952     0.89021    0.887095  0.00344682
        1953    0.889665    0.887096  0.00344506
        1954    0.889113    0.887097   0.0034433
        1955    0.888558    0.887098  0.00344154
        1956    0.887999    0.887098  0.00343978
        1957    0.887438    0.887098  0.00343802
        1958    0.886874    0.887098  0.00343626
        1959    0.886311    0.887098  0.00343451
        1960    0.885749    0.887097  0.00343276
        1961    0.885187    0.887096  0.00343101
        1962    0.884628    0.887095  0.00342926
        1963    0.884072    0.887093  0.00342751
        1964     0.88352    0.887092  0.00342577
        1965    0.882972     0.88709  0.00342402
        1966     0.88243    0.887087  0.00342228
        1967    0.881895    0.887085  0.00342054
        1968    0.881367    0.887082  0.00341881
        1969    0.880845    0.887078  0.00341707
        1970     0.88033    0.887075  0.00341534
        1971    0.879822    0.887071  0.00341361
        1972    0.879321    0.887067  0.00341188
        1973     0.87883    0.887063  0.00341015
        1974    0.878347    0.887059  0.00340843
        1975    0.877872    0.887054  0.00340671
        1976    0.877405    0.887049  0.00340499
        1977    0.876949    0.887044  0.00340327
        1978    0.876502    0.887039  0.00340155
        1979    0.876063    0.887033  0.00339984
        1980    0.875635    0.887028  0.00339812
        1981    0.875217    0.887022  0.00339641
        1982    0.874806    0.887015  0.00339471
        1983    0.874403    0.887009    0.003393
        1984    0.874008    0.887003   0.0033913
        1985    0.873621    0.886996  0.00338959
        1986    0.873243    0.886989  0.00338789
        1987    0.872874    0.886982   0.0033862
        1988    0.872512    0.886974   0.0033845
        1989    0.872158    0.886967  0.00338281
        1990    0.871811    0.886959  0.00338112
        1991    0.871471    0.886952  0.00337943
        1992    0.871137    0.886944  0.00337774
        1993     0.87081    0.886936  0.00337606
        1994     0.87049    0.886927  0.00337437
        1995    0.870177    0.886919  0.00337269
        1996    0.869871     0.88691  0.00337101
        1997    0.869572    0.886902  0.00336934
        1998     0.86928    0.886893  0.00336766
        1999    0.868995    0.886884  0.00336599
        2000    0.868718    0.886875  0.00336432
