#     BLOCK:   ACTUAL_T:     T_AVE:       ERROR:
           1        1.56        1.56           0
           2     1.55985     1.55993 5.14405e-05
           3     1.55942     1.55976 0.000142665
           4     1.55869     1.55949 0.000254238
           5     1.55768     1.55913 0.000383003
           6     1.55637     1.55867 0.000526882
           7     1.55478     1.55811 0.000684391
           8      1.5529     1.55746 0.000854394
           9     1.55074     1.55671  0.00103599
          10     1.54829     1.55587  0.00122839
          11     1.54555     1.55493  0.00143089
          12     1.54253      1.5539  0.00164287
          13     1.53924     1.55277  0.00186378
          14     1.53567     1.55155  0.00209325
          15     1.53181     1.55023   0.0023309
          16     1.52768     1.54883   0.0025764
          17     1.52327     1.54732   0.0028295
          18     1.51859     1.54573   0.0030899
          19     1.51363     1.54404  0.00335732
          20     1.50841     1.54226  0.00363153
          21      1.5029     1.54038   0.0039123
          22     1.49713     1.53842  0.00419941
          23     1.49109     1.53636  0.00449269
          24     1.48478     1.53421  0.00479195
          25     1.47821     1.53197  0.00509705
          26     1.47136     1.52964  0.00540786
          27     1.46425     1.52722  0.00572425
          28     1.45687      1.5247  0.00604606
          29     1.44923      1.5221  0.00637313
          30     1.44133     1.51941  0.00670533
          31     1.43317     1.51663  0.00704251
          32     1.42475     1.51376  0.00738454
          33     1.41608      1.5108  0.00773129
          34     1.40714     1.50775  0.00808263
          35     1.39796     1.50461  0.00843846
          36     1.38852     1.50139  0.00879865
          37     1.37884     1.49807  0.00916304
          38     1.36891     1.49467  0.00953153
          39     1.35874     1.49119  0.00990396
          40     1.34833     1.48762   0.0102802
          41     1.33768     1.48396   0.0106601
          42      1.3268     1.48022   0.0110435
          43     1.31569     1.47639   0.0114303
          44     1.30436     1.47248   0.0118203
          45     1.29281     1.46849   0.0122134
          46     1.28104     1.46441   0.0126094
          47     1.26906     1.46026   0.0130081
          48     1.25688     1.45602   0.0134094
          49     1.24449      1.4517   0.0138132
          50     1.23191     1.44731   0.0142192
          51     1.21915     1.44283   0.0146272
          52      1.2062     1.43828   0.0150372
          53     1.19307     1.43366   0.0154489
          54     1.17977     1.42896   0.0158621
          55     1.16632     1.42418   0.0162766
          56     1.15271     1.41933   0.0166922
          57     1.13895     1.41441   0.0171088
          58     1.12506     1.40942   0.0175261
          59     1.11103     1.40437    0.017944
          60     1.09689     1.39924   0.0183621
          61     1.08263     1.39405   0.0187804
          62     1.06827      1.3888   0.0191985
          63     1.05382     1.38348   0.0196162
          64     1.03929      1.3781   0.0200334
          65     1.02468     1.37267   0.0204497
          66     1.01002     1.36717    0.020865
          67    0.995302     1.36162    0.021279
          68    0.980549     1.35602   0.0216914
          69    0.965769     1.35036   0.0221021
          70    0.950974     1.34466   0.0225107
          71    0.936178      1.3389   0.0229171
          72    0.921392      1.3331   0.0233209
          73    0.906628     1.32726   0.0237219
          74      0.8919     1.32138   0.0241199
          75     0.87722     1.31546   0.0245145
          76    0.862601      1.3095   0.0249056
          77    0.848056      1.3035   0.0252928
          78    0.833598     1.29748    0.025676
          79    0.819241     1.29143   0.0260549
          80    0.804997     1.28535   0.0264292
          81     0.79088     1.27924   0.0267986
          82    0.776902     1.27312    0.027163
          83    0.763077     1.26697    0.027522
          84    0.749417     1.26081   0.0278755
          85    0.735936     1.25463   0.0282232
          86    0.722645     1.24845   0.0285649
          87    0.709557     1.24225   0.0289004
          88    0.696684     1.23605   0.0292294
          89    0.684037     1.22985   0.0295517
          90    0.671628     1.22365   0.0298671
          91    0.659465     1.21745   0.0301756
          92    0.647561     1.21126   0.0304767
          93    0.635924     1.20507   0.0307705
          94    0.624564     1.19889   0.0310567
          95     0.61349     1.19273   0.0313351
          96    0.602711     1.18659   0.0316057
          97    0.592233     1.18046   0.0318683
          98    0.582065     1.17435   0.0321228
          99    0.572214     1.16827    0.032369
         100    0.562684     1.16221   0.0326068
         101    0.553483     1.15619   0.0328363
         102    0.544616     1.15019   0.0330573
         103    0.536085     1.14423   0.0332696
         104    0.527895      1.1383   0.0334734
         105     0.52005     1.13241   0.0336685
         106    0.512552     1.12657   0.0338549
         107    0.505402     1.12076   0.0340326
         108    0.498602       1.115   0.0342016
         109    0.492152     1.10929   0.0343618
         110    0.486052     1.10362   0.0345134
         111    0.480302       1.098   0.0346563
         112    0.474901     1.09244   0.0347905
         113    0.469848     1.08693   0.0349162
         114     0.46514     1.08148   0.0350333
         115    0.460775     1.07608    0.035142
         116    0.456749     1.07074   0.0352423
         117    0.453059     1.06546   0.0353343
         118    0.449701     1.06024   0.0354181
         119     0.44667     1.05509   0.0354938
         120    0.443961     1.04999   0.0355615
         121     0.44157     1.04497   0.0356213
         122    0.439489        1.04   0.0356734
         123    0.437715     1.03511   0.0357178
         124    0.436238     1.03028   0.0357548
         125    0.435054     1.02552   0.0357845
         126    0.434155     1.02082   0.0358069
         127    0.433533      1.0162   0.0358223
         128    0.433182     1.01164   0.0358309
         129    0.433093     1.00716   0.0358327
         130    0.433257     1.00274    0.035828
         131    0.433668    0.998399   0.0358169
         132    0.434316    0.994126   0.0357995
         133    0.435195    0.989923   0.0357762
         134    0.436294    0.985792    0.035747
         135    0.437605    0.981731   0.0357121
         136     0.43912    0.977741   0.0356716
         137    0.440829    0.973822   0.0356259
         138    0.442724    0.969974    0.035575
         139    0.444797    0.966196   0.0355191
         140    0.447037    0.962487   0.0354585
         141    0.449437    0.958849   0.0353932
         142    0.451988    0.955279   0.0353235
         143    0.454681    0.951779   0.0352495
         144    0.457507    0.948346   0.0351714
         145    0.460457    0.944981   0.0350895
         146    0.463524    0.941684   0.0350037
         147    0.466697    0.938453   0.0349144
         148    0.469969    0.935287   0.0348217
         149    0.473333    0.932187   0.0347258
         150    0.476778    0.929151   0.0346267
         151    0.480299    0.926178   0.0345248
         152    0.483886    0.923268     0.03442
         153    0.487534     0.92042   0.0343127
         154    0.491233    0.917633   0.0342029
         155    0.494977    0.914907   0.0340907
         156    0.498758    0.912239   0.0339764
         157    0.502571     0.90963     0.03386
         158    0.506408    0.907078   0.0337418
         159    0.510262    0.904582   0.0336217
         160    0.514127    0.902142      0.0335
         161    0.517998    0.899756   0.0333768
         162    0.521868    0.897423   0.0332522
         163    0.525732    0.895143   0.0331263
         164    0.529586    0.892914   0.0329992
         165    0.533423    0.890735   0.0328711
         166     0.53724    0.888605    0.032742
         167    0.541031    0.886524    0.032612
         168    0.544791     0.88449   0.0324812
         169    0.548517    0.882502   0.0323498
         170    0.552204    0.880559   0.0322178
         171    0.555849     0.87866   0.0320853
         172    0.559448    0.876804   0.0319524
         173    0.562998     0.87499   0.0318192
         174    0.566497    0.873217   0.0316856
         175     0.56994    0.871484   0.0315519
         176    0.573325     0.86979   0.0314181
         177     0.57665    0.868134   0.0312842
         178    0.579913    0.866515   0.0311504
         179    0.583112    0.864932   0.0310165
         180    0.586245    0.863383   0.0308828
         181    0.589311    0.861869   0.0307493
         182    0.592307    0.860388    0.030616
         183    0.595234    0.858939    0.030483
         184     0.59809    0.857522   0.0303503
         185    0.600874    0.856134   0.0302179
         186    0.603586    0.854777   0.0300859
         187    0.606226    0.853447   0.0299544
         188    0.608793    0.852146   0.0298233
         189    0.611287    0.850872   0.0296927
         190    0.613708    0.849623   0.0295627
         191    0.616056    0.848401   0.0294332
         192    0.618331    0.847202   0.0293043
         193    0.620535    0.846028    0.029176
         194    0.622667    0.844876   0.0290483
         195    0.624729    0.843748   0.0289212
         196    0.626721     0.84264   0.0287949
         197    0.628645    0.841554   0.0286692
         198    0.630501    0.840488   0.0285442
         199    0.632291    0.839442   0.0284199
         200    0.634017    0.838415   0.0282964
         201    0.635679    0.837406   0.0281736
         202    0.637279    0.836415   0.0280515
         203    0.638819    0.835442   0.0279302
         204      0.6403    0.834485   0.0278097
         205    0.641723    0.833545   0.0276899
         206    0.643091    0.832621   0.0275709
         207    0.644404    0.831711   0.0274527
         208    0.645667    0.830817   0.0273353
         209    0.646879    0.829937   0.0272187
         210    0.648044    0.829071   0.0271028
         211    0.649163    0.828218   0.0269878
         212    0.650239    0.827378   0.0268736
         213    0.651273    0.826552   0.0267601
         214    0.652267    0.825737   0.0266474
         215    0.653224    0.824935   0.0265356
         216    0.654146    0.824144   0.0264245
         217    0.655034    0.823365   0.0263142
         218     0.65589    0.822597   0.0262047
         219    0.656717    0.821839    0.026096
         220    0.657517    0.821092   0.0259881
         221    0.658293    0.820356   0.0258809
         222    0.659046    0.819629   0.0257745
         223    0.659777    0.818912   0.0256689
         224    0.660488    0.818205   0.0255641
         225    0.661183    0.817507     0.02546
         226    0.661861    0.816818   0.0253566
         227    0.662525    0.816139    0.025254
         228    0.663177    0.815468   0.0251522
         229    0.663818    0.814805   0.0250511
         230    0.664451    0.814152   0.0249507
         231    0.665077    0.813506    0.024851
         232    0.665696    0.812869   0.0247521
         233    0.666312     0.81224   0.0246538
         234    0.666926    0.811619   0.0245563
         235    0.667538    0.811006   0.0244594
         236     0.66815    0.810401   0.0243633
         237    0.668764    0.809803   0.0242678
         238    0.669381    0.809213    0.024173
         239    0.670001    0.808631   0.0240789
         240    0.670627    0.808056   0.0239854
         241     0.67126    0.807488   0.0238926
         242    0.671901    0.806928   0.0238005
         243     0.67255    0.806375   0.0237089
         244    0.673211    0.805829   0.0236181
         245    0.673883    0.805291   0.0235278
         246    0.674566    0.804759   0.0234382
         247    0.675263    0.804235   0.0233491
         248    0.675973    0.803718   0.0232607
         249    0.676698    0.803208   0.0231729
         250    0.677439    0.802704   0.0230857
         251    0.678196    0.802208    0.022999
         252     0.67897    0.801719   0.0229129
         253    0.679763    0.801237   0.0228274
         254    0.680574    0.800762   0.0227425
         255    0.681404    0.800294   0.0226581
         256    0.682254    0.799833   0.0225743
         257    0.683125    0.799379   0.0224911
         258    0.684017    0.798932   0.0224083
         259    0.684932    0.798492   0.0223261
         260    0.685868    0.798059   0.0222445
         261    0.686827    0.797632   0.0221633
         262     0.68781    0.797213   0.0220827
         263    0.688816    0.796801   0.0220026
         264    0.689848    0.796396    0.021923
         265    0.690904    0.795998   0.0218438
         266    0.691987    0.795607   0.0217652
         267    0.693094    0.795223   0.0216871
         268    0.694226    0.794846   0.0216094
         269    0.695384    0.794476   0.0215323
         270    0.696567    0.794114   0.0214556
         271    0.697776    0.793758   0.0213794
         272     0.69901     0.79341   0.0213036
         273     0.70027    0.793069   0.0212283
         274    0.701556    0.792735   0.0211534
         275    0.702867    0.792408    0.021079
         276    0.704204    0.792088   0.0210051
         277    0.705566    0.791776   0.0209316
         278    0.706954    0.791471   0.0208585
         279    0.708367    0.791173   0.0207859
         280    0.709804    0.790882   0.0207137
         281    0.711266    0.790599   0.0206419
         282    0.712751    0.790323   0.0205705
         283     0.71426    0.790054   0.0204996
         284     0.71579    0.789793   0.0204291
         285    0.717342    0.789539    0.020359
         286    0.718915    0.789292   0.0202893
         287    0.720508    0.789052     0.02022
         288     0.72212     0.78882   0.0201512
         289    0.723752    0.788594   0.0200827
         290    0.725403    0.788376   0.0200146
         291    0.727073    0.788166   0.0199469
         292    0.728759    0.787962   0.0198797
         293     0.73046    0.787766   0.0198128
         294    0.732176    0.787577   0.0197463
         295    0.733906    0.787395   0.0196802
         296    0.735649     0.78722   0.0196145
         297    0.737405    0.787053   0.0195492
         298    0.739171    0.786892   0.0194842
         299    0.740946    0.786738   0.0194197
         300    0.742729    0.786591   0.0193555
         301     0.74452    0.786452   0.0192917
         302    0.746316    0.786319   0.0192283
         303    0.748119    0.786193   0.0191652
         304    0.749926    0.786073   0.0191026
         305    0.751735    0.785961   0.0190403
         306    0.753547    0.785855   0.0189783
         307    0.755359    0.785756   0.0189168
         308    0.757171    0.785663   0.0188556
         309    0.758983    0.785576   0.0187948
         310    0.760792    0.785496   0.0187343
         311    0.762597    0.785423   0.0186742
         312    0.764396    0.785355   0.0186145
         313    0.766189    0.785294   0.0185551
         314    0.767976    0.785239   0.0184961
         315    0.769754     0.78519   0.0184374
         316    0.771523    0.785147   0.0183791
         317    0.773282    0.785109   0.0183212
         318     0.77503    0.785078   0.0182636
         319    0.776765    0.785051   0.0182064
         320    0.778488    0.785031   0.0181495
         321    0.780197    0.785016    0.018093
         322     0.78189    0.785006   0.0180368
         323    0.783566    0.785002   0.0179809
         324    0.785225    0.785002   0.0179254
         325    0.786865    0.785008   0.0178703
         326    0.788487    0.785019   0.0178155
         327    0.790089    0.785034    0.017761
         328    0.791669    0.785055   0.0177069
         329    0.793227    0.785079   0.0176531
         330    0.794761    0.785109   0.0175996
         331    0.796271    0.785142   0.0175464
         332    0.797757     0.78518   0.0174936
         333    0.799216    0.785223   0.0174412
         334    0.800649    0.785269    0.017389
         335    0.802054    0.785319   0.0173372
         336    0.803431    0.785373   0.0172856
         337    0.804779     0.78543   0.0172344
         338    0.806098    0.785492   0.0171836
         339    0.807387    0.785556    0.017133
         340    0.808645    0.785624   0.0170827
         341     0.80987    0.785695   0.0170328
         342    0.811063    0.785769   0.0169832
         343    0.812223    0.785846   0.0169338
         344    0.813349    0.785926   0.0168848
         345    0.814442    0.786009    0.016836
         346      0.8155    0.786094   0.0167876
         347    0.816523    0.786182   0.0167394
         348     0.81751    0.786272   0.0166916
         349    0.818462    0.786364    0.016644
         350    0.819379    0.786459   0.0165967
         351    0.820261    0.786555   0.0165497
         352    0.821105    0.786653    0.016503
         353    0.821912    0.786753   0.0164565
         354    0.822682    0.786854   0.0164104
         355    0.823416    0.786957   0.0163645
         356    0.824112    0.787062   0.0163188
         357    0.824771    0.787167   0.0162735
         358    0.825392    0.787274   0.0162284
         359    0.825976    0.787382   0.0161835
         360    0.826523    0.787491   0.0161389
         361    0.827032      0.7876   0.0160946
         362    0.827504     0.78771   0.0160505
         363    0.827939    0.787821   0.0160067
         364    0.828337    0.787933   0.0159631
         365    0.828698    0.788044   0.0159197
         366    0.829023    0.788156   0.0158766
         367     0.82931    0.788268   0.0158338
         368    0.829561    0.788381   0.0157911
         369    0.829777    0.788493   0.0157488
         370    0.829958    0.788605   0.0157066
         371    0.830105    0.788717   0.0156646
         372    0.830217    0.788828   0.0156229
         373    0.830294    0.788939   0.0155814
         374    0.830339     0.78905   0.0155402
         375     0.83035     0.78916   0.0154991
         376     0.83033     0.78927   0.0154583
         377    0.830278    0.789379   0.0154177
         378    0.830194    0.789486   0.0153773
         379    0.830079    0.789594   0.0153371
         380    0.829933      0.7897   0.0152971
         381    0.829757    0.789805   0.0152573
         382    0.829551    0.789909   0.0152177
         383    0.829315    0.790012   0.0151783
         384    0.829049    0.790113   0.0151391
         385    0.828756    0.790214   0.0151001
         386    0.828436    0.790313   0.0150613
         387    0.828089     0.79041   0.0150227
         388    0.827715    0.790507   0.0149843
         389    0.827315    0.790601   0.0149461
         390    0.826887    0.790694   0.0149081
         391    0.826434    0.790786   0.0148702
         392    0.825954    0.790875   0.0148326
         393    0.825451    0.790963   0.0147951
         394    0.824922     0.79105   0.0147578
         395    0.824369    0.791134   0.0147207
         396    0.823793    0.791216   0.0146837
         397    0.823193    0.791297    0.014647
         398    0.822571    0.791376   0.0146104
         399    0.821927    0.791452   0.0145739
         400     0.82126    0.791527   0.0145377
         401    0.820573    0.791599   0.0145016
         402    0.819865    0.791669   0.0144657
         403    0.819136    0.791738     0.01443
         404    0.818387    0.791803   0.0143944
         405    0.817618    0.791867    0.014359
         406    0.816829    0.791929   0.0143238
         407    0.816021    0.791988   0.0142887
         408    0.815193    0.792045   0.0142538
         409    0.814347    0.792099   0.0142191
         410    0.813483    0.792151   0.0141845
         411    0.812602    0.792201   0.0141501
         412    0.811706    0.792249   0.0141158
         413    0.810793    0.792293   0.0140817
         414    0.809863    0.792336   0.0140477
         415    0.808918    0.792376   0.0140139
         416    0.807957    0.792413   0.0139803
         417     0.80698    0.792448   0.0139468
         418    0.805989    0.792481   0.0139135
         419    0.804983     0.79251   0.0138803
         420    0.803963    0.792538   0.0138473
         421     0.80293    0.792562   0.0138144
         422    0.801884    0.792585   0.0137817
         423    0.800825    0.792604   0.0137491
         424    0.799753    0.792621   0.0137167
         425    0.798668    0.792635   0.0136845
         426     0.79757    0.792647   0.0136523
         427    0.796461    0.792656   0.0136204
         428    0.795341    0.792662   0.0135885
         429    0.794213    0.792666   0.0135569
         430    0.793076    0.792666   0.0135253
         431     0.79193    0.792665    0.013494
         432    0.790775     0.79266   0.0134627
         433    0.789611    0.792653   0.0134316
         434    0.788439    0.792644   0.0134007
         435     0.78726    0.792631   0.0133699
         436    0.786074    0.792616   0.0133392
         437    0.784882    0.792599   0.0133087
         438    0.783686    0.792578   0.0132783
         439    0.782486    0.792555   0.0132481
         440    0.781282     0.79253    0.013218
         441    0.780075    0.792501   0.0131881
         442    0.778866     0.79247   0.0131583
         443    0.777655    0.792437   0.0131286
         444    0.776443    0.792401   0.0130991
         445    0.775231    0.792362   0.0130697
         446     0.77402    0.792321   0.0130405
         447    0.772811    0.792278   0.0130114
         448    0.771604    0.792231   0.0129824
         449    0.770402    0.792183   0.0129536
         450    0.769203    0.792132   0.0129249
         451    0.768009    0.792078   0.0128964
         452    0.766822    0.792022    0.012868
         453    0.765642    0.791964   0.0128397
         454     0.76447    0.791904   0.0128116
         455    0.763306    0.791841   0.0127836
         456    0.762152    0.791776   0.0127557
         457    0.761008    0.791708   0.0127279
         458    0.759876    0.791639   0.0127003
         459    0.758755    0.791567   0.0126729
         460    0.757649    0.791493   0.0126455
         461    0.756557    0.791418   0.0126183
         462    0.755481     0.79134   0.0125913
         463    0.754421     0.79126   0.0125643
         464    0.753378    0.791179   0.0125375
         465    0.752352    0.791095   0.0125108
         466    0.751346     0.79101   0.0124843
         467    0.750358    0.790923   0.0124578
         468    0.749391    0.790834   0.0124315
         469    0.748446    0.790744   0.0124054
         470    0.747523    0.790652   0.0123793
         471    0.746623    0.790558   0.0123534
         472    0.745746    0.790463   0.0123276
         473    0.744894    0.790367   0.0123019
         474    0.744066    0.790269   0.0122763
         475    0.743263     0.79017   0.0122509
         476    0.742487     0.79007   0.0122255
         477    0.741737    0.789969   0.0122003
         478    0.741014    0.789866   0.0121752
         479     0.74032    0.789763   0.0121503
         480    0.739654    0.789658   0.0121254
         481    0.739017    0.789553   0.0121006
         482    0.738408    0.789447    0.012076
         483    0.737831     0.78934   0.0120515
         484    0.737285    0.789233   0.0120271
         485    0.736769    0.789124   0.0120027
         486    0.736284    0.789016   0.0119785
         487    0.735829    0.788907   0.0119544
         488    0.735405    0.788797   0.0119304
         489    0.735013    0.788687   0.0119066
         490    0.734652    0.788577   0.0118828
         491    0.734324    0.788466   0.0118591
         492    0.734029    0.788355   0.0118355
         493    0.733765    0.788245    0.011812
         494    0.733535    0.788134   0.0117886
         495    0.733337    0.788023   0.0117653
         496    0.733173    0.787913   0.0117421
         497    0.733043    0.787802    0.011719
         498    0.732947    0.787692    0.011696
         499    0.732885    0.787582   0.0116731
         500    0.732858    0.787473   0.0116502
         501    0.732865    0.787364   0.0116275
         502    0.732906    0.787255   0.0116048
         503    0.732981    0.787148   0.0115823
         504    0.733091     0.78704   0.0115598
         505    0.733237    0.786934   0.0115374
         506    0.733417    0.786828   0.0115151
         507    0.733633    0.786723   0.0114928
         508    0.733883    0.786619   0.0114707
         509    0.734169    0.786516   0.0114486
         510    0.734491    0.786414   0.0114266
         511    0.734848    0.786313   0.0114047
         512    0.735242    0.786213   0.0113829
         513    0.735673    0.786115   0.0113611
         514     0.73614    0.786018   0.0113394
         515    0.736643    0.785922   0.0113178
         516    0.737183    0.785827   0.0112963
         517    0.737759    0.785734   0.0112748
         518    0.738372    0.785643   0.0112534
         519    0.739023    0.785553   0.0112321
         520    0.739709    0.785465   0.0112108
         521     0.74043    0.785378   0.0111896
         522    0.741187    0.785294   0.0111685
         523    0.741979    0.785211   0.0111475
         524    0.742807     0.78513   0.0111265
         525    0.743669    0.785051   0.0111056
         526    0.744565    0.784974   0.0110847
         527    0.745495    0.784899   0.0110639
         528    0.746459    0.784826   0.0110432
         529    0.747457    0.784756   0.0110226
         530    0.748488    0.784687    0.011002
         531    0.749551    0.784621   0.0109815
         532    0.750646    0.784557    0.010961
         533    0.751772    0.784496   0.0109406
         534    0.752927    0.784437   0.0109203
         535    0.754112     0.78438      0.0109
         536    0.755325    0.784326   0.0108798
         537    0.756565    0.784274   0.0108597
         538     0.75783    0.784225   0.0108396
         539     0.75912    0.784178   0.0108196
         540    0.760432    0.784134   0.0107997
         541    0.761767    0.784093   0.0107798
         542    0.763121    0.784054     0.01076
         543    0.764495    0.784018   0.0107402
         544    0.765886    0.783985   0.0107205
         545    0.767294    0.783954   0.0107009
         546    0.768715    0.783926   0.0106813
         547    0.770151    0.783901   0.0106618
         548    0.771597    0.783879   0.0106424
         549    0.773052    0.783859    0.010623
         550    0.774514    0.783842   0.0106037
         551    0.775982    0.783828   0.0105845
         552    0.777453    0.783816   0.0105653
         553    0.778925    0.783807   0.0105462
         554    0.780398    0.783801   0.0105272
         555    0.781868    0.783798   0.0105082
         556    0.783334    0.783797   0.0104893
         557    0.784795    0.783799   0.0104705
         558     0.78625    0.783803   0.0104517
         559    0.787695     0.78381    0.010433
         560     0.78913     0.78382   0.0104144
         561    0.790552    0.783832   0.0103959
         562    0.791959    0.783846   0.0103774
         563    0.793352    0.783863   0.0103589
         564    0.794727    0.783882   0.0103406
         565    0.796082    0.783904   0.0103223
         566    0.797416    0.783928   0.0103041
         567    0.798728    0.783954    0.010286
         568    0.800018    0.783982   0.0102679
         569    0.801284    0.784012   0.0102499
         570    0.802524    0.784045    0.010232
         571    0.803737    0.784079   0.0102141
         572    0.804922    0.784116   0.0101963
         573    0.806079    0.784154   0.0101786
         574    0.807206    0.784194   0.0101609
         575    0.808305    0.784236   0.0101434
         576    0.809372     0.78428   0.0101258
         577    0.810409    0.784325   0.0101084
         578    0.811416    0.784372    0.010091
         579     0.81239     0.78442   0.0100737
         580    0.813333     0.78447   0.0100565
         581    0.814243    0.784522   0.0100393
         582    0.815122    0.784574   0.0100222
         583    0.815968    0.784628   0.0100051
         584    0.816783    0.784683  0.00998813
         585    0.817568    0.784739  0.00997122
         586    0.818322    0.784797  0.00995437
         587    0.819047    0.784855  0.00993758
         588    0.819741    0.784914  0.00992086
         589    0.820405    0.784974   0.0099042
         590     0.82104    0.785036   0.0098876
         591    0.821646    0.785098  0.00987106
         592    0.822224     0.78516  0.00985459
         593    0.822776    0.785224  0.00983817
         594    0.823301    0.785288  0.00982182
         595    0.823802    0.785353  0.00980553
         596    0.824279    0.785418  0.00978929
         597    0.824733    0.785484  0.00977311
         598    0.825165     0.78555    0.009757
         599    0.825577    0.785617  0.00974094
         600    0.825969    0.785684  0.00972493
         601    0.826343    0.785752  0.00970899
         602      0.8267     0.78582   0.0096931
         603    0.827041    0.785888  0.00967726
         604    0.827368    0.785957  0.00966149
         605     0.82768    0.786026  0.00964576
         606    0.827979    0.786095  0.00963009
         607    0.828267    0.786164  0.00961448
         608    0.828546    0.786234  0.00959892
         609    0.828815    0.786304  0.00958341
         610    0.829075    0.786374  0.00956796
         611    0.829328    0.786445  0.00955256
         612    0.829573    0.786515  0.00953721
         613    0.829813    0.786586  0.00952191
         614    0.830048    0.786656  0.00950667
         615     0.83028    0.786727  0.00949147
         616    0.830511    0.786798  0.00947633
         617     0.83074     0.78687  0.00946124
         618    0.830968    0.786941   0.0094462
         619    0.831196    0.787013  0.00943121
         620    0.831425    0.787084  0.00941627
         621    0.831655    0.787156  0.00940138
         622    0.831887    0.787228  0.00938654
         623    0.832121      0.7873  0.00937175
         624    0.832359    0.787372  0.00935701
         625    0.832602    0.787444  0.00934232
         626    0.832851    0.787517  0.00932768
         627    0.833105     0.78759  0.00931308
         628    0.833365    0.787663  0.00929854
         629    0.833633    0.787736  0.00928404
         630    0.833909    0.787809   0.0092696
         631    0.834193    0.787882   0.0092552
         632    0.834485    0.787956  0.00924085
         633    0.834786     0.78803  0.00922654
         634    0.835096    0.788104  0.00921229
         635    0.835416    0.788179  0.00919808
         636    0.835747    0.788254  0.00918393
         637    0.836089    0.788329  0.00916981
         638    0.836441    0.788404  0.00915575
         639    0.836804     0.78848  0.00914174
         640    0.837178    0.788556  0.00912777
         641    0.837563    0.788633  0.00911385
         642     0.83796    0.788709  0.00909998
         643    0.838369    0.788787  0.00908615
         644     0.83879    0.788864  0.00907238
         645    0.839222    0.788942  0.00905865
         646    0.839667    0.789021  0.00904496
         647    0.840124      0.7891  0.00903133
         648    0.840593    0.789179  0.00901774
         649    0.841073    0.789259   0.0090042
         650    0.841565     0.78934  0.00899071
         651    0.842068    0.789421  0.00897726
         652    0.842581    0.789502  0.00896386
         653    0.843105    0.789584  0.00895051
         654    0.843637    0.789667  0.00893721
         655     0.84418     0.78975  0.00892395
         656    0.844731    0.789834  0.00891074
         657     0.84529    0.789918  0.00889758
         658    0.845857    0.790003  0.00888446
         659    0.846432    0.790089  0.00887139
         660    0.847016    0.790175  0.00885837
         661    0.847606    0.790262   0.0088454
         662    0.848201     0.79035  0.00883247
         663    0.848801    0.790438  0.00881958
         664    0.849403    0.790527  0.00880675
         665    0.850008    0.790616  0.00879396
         666    0.850614    0.790706  0.00878122
         667    0.851221    0.790797  0.00876852
         668    0.851829    0.790888  0.00875587
         669    0.852434     0.79098  0.00874327
         670    0.853038    0.791073  0.00873071
         671    0.853637    0.791166  0.00871819
         672    0.854233     0.79126  0.00870572
         673    0.854824    0.791354   0.0086933
         674    0.855408     0.79145  0.00868092
         675    0.855985    0.791545  0.00866859
         676    0.856552    0.791641   0.0086563
         677    0.857111    0.791738  0.00864405
         678     0.85766    0.791835  0.00863185
         679    0.858197    0.791933  0.00861969
         680    0.858721    0.792031  0.00860757
         681     0.85923     0.79213   0.0085955
         682    0.859723    0.792229  0.00858347
         683    0.860202    0.792328  0.00857148
         684    0.860664    0.792428  0.00855953
         685    0.861108    0.792529  0.00854762
         686    0.861534    0.792629  0.00853575
         687    0.861941     0.79273  0.00852392
         688    0.862329    0.792831  0.00851213
         689    0.862695    0.792933  0.00850038
         690    0.863041    0.793034  0.00848867
         691    0.863364    0.793136    0.008477
         692    0.863664    0.793238  0.00846536
         693     0.86394     0.79334  0.00845376
         694    0.864194    0.793442  0.00844219
         695    0.864425    0.793544  0.00843066
         696    0.864631    0.793646  0.00841917
         697    0.864812    0.793748  0.00840771
         698    0.864968    0.793851  0.00839628
         699    0.865098    0.793952  0.00838489
         700    0.865202    0.794054  0.00837353
         701    0.865278    0.794156   0.0083622
         702    0.865328    0.794257   0.0083509
         703     0.86535    0.794358  0.00833964
         704    0.865344    0.794459   0.0083284
         705    0.865312     0.79456  0.00831719
         706    0.865254     0.79466  0.00830602
         707    0.865169     0.79476  0.00829487
         708    0.865056    0.794859  0.00828374
         709    0.864917    0.794958  0.00827265
         710    0.864751    0.795056  0.00826158
         711    0.864558    0.795154  0.00825054
         712    0.864337    0.795251  0.00823953
         713    0.864089    0.795347  0.00822854
         714    0.863815    0.795443  0.00821757
         715    0.863514    0.795539  0.00820663
         716    0.863187    0.795633  0.00819571
         717    0.862834    0.795727  0.00818482
         718    0.862456     0.79582  0.00817394
         719    0.862053    0.795912  0.00816309
         720    0.861626    0.796003  0.00815227
         721    0.861173    0.796093  0.00814146
         722    0.860697    0.796183  0.00813068
         723    0.860197    0.796271  0.00811991
         724    0.859673    0.796359  0.00810917
         725    0.859126    0.796446  0.00809845
         726    0.858556    0.796531  0.00808774
         727    0.857966    0.796616  0.00807706
         728    0.857354    0.796699   0.0080664
         729    0.856721    0.796781  0.00805575
         730    0.856066    0.796863  0.00804513
         731    0.855391    0.796943  0.00803452
         732    0.854695    0.797022  0.00802393
         733     0.85398    0.797099  0.00801336
         734    0.853246    0.797176  0.00800281
         735    0.852494    0.797251  0.00799227
         736    0.851723    0.797325  0.00798176
         737    0.850934    0.797398  0.00797126
         738     0.85013    0.797469  0.00796078
         739     0.84931    0.797539  0.00795031
         740    0.848475    0.797608  0.00793987
         741    0.847624    0.797676  0.00792944
         742    0.846759    0.797742  0.00791903
         743     0.84588    0.797807  0.00790864
         744    0.844987     0.79787  0.00789826
         745    0.844082    0.797932   0.0078879
         746    0.843165    0.797993  0.00787756
         747    0.842239    0.798052  0.00786724
         748    0.841302     0.79811  0.00785693
         749    0.840357    0.798166  0.00784665
         750    0.839404    0.798221  0.00783638
         751    0.838445    0.798275  0.00782612
         752    0.837482    0.798327  0.00781589
         753    0.836515    0.798378  0.00780568
         754    0.835546    0.798427  0.00779548
         755    0.834574    0.798475   0.0077853
         756    0.833602    0.798521  0.00777514
         757    0.832629    0.798566    0.007765
         758    0.831659     0.79861  0.00775488
         759    0.830691    0.798652  0.00774478
         760    0.829727    0.798693   0.0077347
         761    0.828768    0.798733  0.00772463
         762    0.827815    0.798771  0.00771459
         763     0.82687    0.798808  0.00770457
         764    0.825933    0.798843  0.00769456
         765    0.825007    0.798877  0.00768458
         766    0.824091     0.79891  0.00767462
         767    0.823189    0.798942  0.00766468
         768      0.8223    0.798972  0.00765476
         769    0.821426    0.799002  0.00764486
         770    0.820568     0.79903  0.00763498
         771    0.819728    0.799056  0.00762513
         772    0.818907    0.799082  0.00761529
         773    0.818106    0.799107  0.00760548
         774    0.817326     0.79913  0.00759569
         775    0.816568    0.799153  0.00758593
         776    0.815834    0.799174  0.00757618
         777    0.815124    0.799195  0.00756646
         778    0.814438    0.799214  0.00755676
         779    0.813777    0.799233  0.00754708
         780    0.813143    0.799251  0.00753743
         781    0.812536    0.799268  0.00752779
         782    0.811957    0.799284  0.00751818
         783    0.811405      0.7993   0.0075086
         784    0.810882    0.799314  0.00749904
         785     0.81039    0.799328   0.0074895
         786    0.809927    0.799342  0.00747998
         787    0.809495    0.799355  0.00747049
         788    0.809092    0.799367  0.00746102
         789    0.808719    0.799379  0.00745157
         790    0.808375     0.79939  0.00744215
         791     0.80806    0.799401  0.00743275
         792    0.807775    0.799412  0.00742337
         793     0.80752    0.799422  0.00741401
         794    0.807293    0.799432  0.00740468
         795    0.807096    0.799442  0.00739538
         796    0.806927    0.799451  0.00738609
         797    0.806788     0.79946  0.00737683
         798    0.806676    0.799469  0.00736759
         799    0.806592    0.799478  0.00735837
         800    0.806535    0.799487  0.00734918
         801    0.806504    0.799496  0.00734001
         802    0.806498    0.799505  0.00733087
         803    0.806518    0.799513  0.00732174
         804    0.806562    0.799522  0.00731264
         805     0.80663    0.799531  0.00730356
         806     0.80672     0.79954  0.00729451
         807    0.806833    0.799549  0.00728547
         808    0.806968    0.799558  0.00727646
         809    0.807124    0.799567  0.00726747
         810    0.807301    0.799577  0.00725851
         811    0.807499    0.799587  0.00724956
         812    0.807718    0.799597  0.00724064
         813    0.807955    0.799607  0.00723174
         814    0.808211    0.799618  0.00722287
         815    0.808485    0.799629  0.00721401
         816    0.808776     0.79964  0.00720518
         817    0.809085    0.799651  0.00719637
         818     0.80941    0.799663  0.00718758
         819    0.809752    0.799676  0.00717882
         820     0.81011    0.799688  0.00717007
         821    0.810485    0.799701  0.00716135
         822    0.810875    0.799715  0.00715265
         823    0.811281    0.799729  0.00714398
         824      0.8117    0.799744  0.00713532
         825    0.812134    0.799759  0.00712669
         826    0.812582    0.799774  0.00711808
         827    0.813045     0.79979  0.00710949
         828    0.813521    0.799807  0.00710092
         829     0.81401    0.799824  0.00709238
         830    0.814511    0.799842  0.00708385
         831    0.815025     0.79986  0.00707535
         832    0.815551    0.799879  0.00706687
         833    0.816088    0.799898  0.00705842
         834    0.816635    0.799918  0.00704998
         835    0.817193    0.799939  0.00704157
         836    0.817762     0.79996  0.00703318
         837    0.818341    0.799982  0.00702481
         838    0.818928    0.800005  0.00701646
         839    0.819524    0.800028  0.00700814
         840    0.820128    0.800052  0.00699984
         841    0.820739    0.800077  0.00699156
         842    0.821358    0.800102   0.0069833
         843    0.821983    0.800128  0.00697506
         844    0.822612    0.800154  0.00696685
         845    0.823244    0.800182  0.00695866
         846     0.82388     0.80021  0.00695049
         847    0.824517    0.800239  0.00694234
         848    0.825157    0.800268  0.00693422
         849    0.825797    0.800298  0.00692612
         850    0.826439    0.800329  0.00691804
         851    0.827078     0.80036  0.00690998
         852    0.827715    0.800392  0.00690194
         853    0.828348    0.800425  0.00689393
         854    0.828977    0.800458  0.00688594
         855    0.829601    0.800493  0.00687797
         856     0.83022    0.800527  0.00687002
         857     0.83083    0.800563   0.0068621
         858    0.831433    0.800599  0.00685419
         859    0.832025    0.800635  0.00684631
         860    0.832604    0.800672  0.00683845
         861     0.83317     0.80071  0.00683061
         862    0.833723    0.800748   0.0068228
         863     0.83426    0.800787    0.006815
         864     0.83478    0.800827  0.00680723
         865    0.835283    0.800866  0.00679947
         866    0.835765    0.800907  0.00679174
         867    0.836226    0.800947  0.00678403
         868    0.836665    0.800989  0.00677634
         869     0.83708     0.80103  0.00676867
         870    0.837469    0.801072  0.00676102
         871    0.837832    0.801114  0.00675339
         872    0.838168    0.801157  0.00674578
         873    0.838476    0.801199  0.00673818
         874    0.838754    0.801242  0.00673061
         875    0.839001    0.801286  0.00672306
         876    0.839214    0.801329  0.00671552
         877    0.839394    0.801372    0.006708
         878     0.83954    0.801416  0.00670051
         879     0.83965    0.801459  0.00669302
         880    0.839723    0.801503  0.00668556
         881    0.839758    0.801546  0.00667811
         882    0.839755     0.80159  0.00667068
         883    0.839713    0.801633  0.00666327
         884    0.839631    0.801676  0.00665587
         885    0.839509    0.801718  0.00664848
         886    0.839347    0.801761  0.00664112
         887    0.839145    0.801803  0.00663376
         888    0.838902    0.801845  0.00662642
         889    0.838619    0.801886   0.0066191
         890    0.838294    0.801927  0.00661179
         891    0.837928    0.801967  0.00660449
         892    0.837521    0.802007  0.00659721
         893    0.837074    0.802047  0.00658994
         894    0.836586    0.802085  0.00658268
         895    0.836058    0.802123  0.00657543
         896    0.835489     0.80216   0.0065682
         897    0.834881    0.802197  0.00656098
         898    0.834235    0.802233  0.00655377
         899    0.833552    0.802267  0.00654657
         900    0.832834    0.802301  0.00653939
         901    0.832082    0.802334  0.00653221
         902    0.831297    0.802367  0.00652505
         903     0.83048    0.802398   0.0065179
         904    0.829633    0.802428  0.00651076
         905    0.828755    0.802457  0.00650363
         906     0.82785    0.802485  0.00649651
         907    0.826919    0.802512   0.0064894
         908    0.825965    0.802538  0.00648231
         909    0.824989    0.802562  0.00647522
         910    0.823991    0.802586  0.00646815
         911    0.822977    0.802608  0.00646109
         912    0.821948     0.80263  0.00645404
         913    0.820904     0.80265    0.006447
         914    0.819849    0.802668  0.00643997
         915    0.818784    0.802686  0.00643296
         916    0.817712    0.802702  0.00642596
         917    0.816636    0.802718  0.00641897
         918    0.815557    0.802732  0.00641199
         919    0.814478    0.802744  0.00640503
         920    0.813401    0.802756  0.00639808
         921     0.81233    0.802766  0.00639114
         922    0.811267    0.802776  0.00638421
         923    0.810213    0.802784   0.0063773
         924    0.809171    0.802791   0.0063704
         925    0.808143    0.802796  0.00636352
         926    0.807134    0.802801  0.00635665
         927    0.806144    0.802805  0.00634979
         928    0.805176    0.802807  0.00634295
         929    0.804231    0.802809  0.00633612
         930    0.803311    0.802809  0.00632931
         931     0.80242    0.802809  0.00632251
         932    0.801557    0.802807  0.00631573
         933    0.800727    0.802805  0.00630896
         934    0.799931    0.802802   0.0063022
         935    0.799172    0.802798  0.00629546
         936    0.798449    0.802794  0.00628874
         937    0.797766    0.802788  0.00628203
         938    0.797121    0.802782  0.00627534
         939    0.796517    0.802776  0.00626866
         940    0.795955    0.802768  0.00626199
         941    0.795437    0.802761  0.00625534
         942    0.794962    0.802752  0.00624871
         943    0.794534    0.802744  0.00624209
         944     0.79415    0.802734  0.00623548
         945    0.793814    0.802725  0.00622889
         946    0.793524    0.802715  0.00622231
         947    0.793282    0.802705  0.00621575
         948    0.793086    0.802695   0.0062092
         949    0.792939    0.802685  0.00620267
         950    0.792839    0.802674  0.00619615
         951    0.792786    0.802664  0.00618964
         952    0.792779    0.802654  0.00618315
         953    0.792818    0.802643  0.00617667
         954      0.7929    0.802633   0.0061702
         955    0.793027    0.802623  0.00616375
         956    0.793196    0.802613  0.00615731
         957    0.793408    0.802604  0.00615088
         958     0.79366    0.802594  0.00614447
         959    0.793951    0.802585  0.00613807
         960     0.79428    0.802577  0.00613168
         961    0.794646    0.802568  0.00612531
         962    0.795046    0.802561  0.00611894
         963    0.795479    0.802553   0.0061126
         964    0.795942    0.802546  0.00610626
         965    0.796434     0.80254  0.00609993
         966    0.796953    0.802534  0.00609362
         967    0.797497    0.802529  0.00608732
         968    0.798063    0.802524  0.00608104
         969     0.79865     0.80252  0.00607476
         970    0.799256    0.802517   0.0060685
         971    0.799878    0.802514  0.00606225
         972    0.800514    0.802512  0.00605601
         973    0.801161    0.802511  0.00604979
         974    0.801816     0.80251  0.00604358
         975    0.802478     0.80251  0.00603738
         976    0.803142    0.802511  0.00603119
         977    0.803806    0.802512  0.00602502
         978    0.804468    0.802514  0.00601886
         979    0.805125    0.802517  0.00601271
         980    0.805775     0.80252  0.00600658
         981    0.806414    0.802524  0.00600046
         982     0.80704    0.802529  0.00599435
         983    0.807652    0.802534  0.00598825
         984    0.808246     0.80254  0.00598217
         985     0.80882    0.802546   0.0059761
         986     0.80937    0.802553  0.00597004
         987    0.809894     0.80256    0.005964
         988    0.810391    0.802568  0.00595797
         989    0.810858    0.802577  0.00595195
         990    0.811291    0.802586  0.00594594
         991    0.811691    0.802595  0.00593995
         992    0.812055    0.802604  0.00593397
         993    0.812381    0.802614    0.005928
         994    0.812666    0.802624  0.00592205
         995    0.812909    0.802635  0.00591611
         996    0.813106    0.802645  0.00591018
         997    0.813257    0.802656  0.00590426
         998     0.81336    0.802666  0.00589835
         999    0.813415    0.802677  0.00589246
        1000    0.813418    0.802688  0.00588657
        1001     0.81337    0.802699   0.0058807
        1002     0.81327    0.802709  0.00587484
        1003    0.813117     0.80272    0.005869
        1004     0.81291     0.80273  0.00586316
        1005    0.812649     0.80274  0.00585733
        1006    0.812333    0.802749  0.00585152
        1007    0.811962    0.802758  0.00584571
        1008    0.811535    0.802767  0.00583992
        1009    0.811054    0.802775  0.00583414
        1010    0.810517    0.802783  0.00582837
        1011    0.809925     0.80279  0.00582261
        1012    0.809278    0.802796  0.00581686
        1013    0.808578    0.802802  0.00581112
        1014    0.807825    0.802807  0.00580539
        1015    0.807021    0.802811  0.00579967
        1016    0.806166    0.802814  0.00579396
        1017    0.805262    0.802817  0.00578827
        1018     0.80431    0.802818  0.00578258
        1019    0.803312    0.802819  0.00577691
        1020     0.80227    0.802818  0.00577124
        1021    0.801185    0.802817  0.00576559
        1022    0.800059    0.802814  0.00575995
        1023    0.798896     0.80281  0.00575432
        1024    0.797698    0.802805   0.0057487
        1025    0.796467    0.802799   0.0057431
        1026    0.795205    0.802792  0.00573751
        1027    0.793916    0.802783  0.00573193
        1028    0.792602    0.802773  0.00572636
        1029    0.791266    0.802762   0.0057208
        1030    0.789912    0.802749  0.00571526
        1031    0.788543    0.802736  0.00570974
        1032    0.787163     0.80272  0.00570422
        1033    0.785775    0.802704  0.00569873
        1034    0.784382    0.802686  0.00569324
        1035    0.782989    0.802667  0.00568777
        1036    0.781598    0.802647  0.00568232
        1037    0.780214    0.802625  0.00567688
        1038     0.77884    0.802602  0.00567146
        1039     0.77748    0.802578  0.00566605
        1040    0.776137    0.802553  0.00566066
        1041    0.774817    0.802526  0.00565528
        1042    0.773522    0.802498  0.00564993
        1043    0.772257    0.802469  0.00564458
        1044    0.771025    0.802439  0.00563926
        1045    0.769829    0.802408  0.00563395
        1046    0.768674    0.802376  0.00562865
        1047    0.767562    0.802343  0.00562338
        1048    0.766498    0.802308  0.00561811
        1049    0.765485    0.802273  0.00561287
        1050    0.764526    0.802237  0.00560764
        1051    0.763624    0.802201  0.00560242
        1052    0.762783    0.802163  0.00559722
        1053    0.762005    0.802125  0.00559204
        1054    0.761293    0.802086  0.00558686
        1055    0.760651    0.802047  0.00558171
        1056    0.760079    0.802007  0.00557656
        1057    0.759581    0.801967  0.00557143
        1058    0.759157    0.801927  0.00556631
        1059    0.758811    0.801886   0.0055612
        1060    0.758541    0.801845  0.00555611
        1061    0.758351    0.801804  0.00555102
        1062    0.758241    0.801763  0.00554595
        1063    0.758213    0.801722  0.00554088
        1064    0.758266    0.801681  0.00553582
        1065    0.758402     0.80164  0.00553078
        1066     0.75862      0.8016  0.00552574
        1067    0.758921     0.80156   0.0055207
        1068    0.759304    0.801521  0.00551567
        1069    0.759768    0.801482  0.00551065
        1070    0.760314    0.801443  0.00550564
        1071    0.760941    0.801405  0.00550063
        1072    0.761646    0.801368  0.00549562
        1073    0.762428    0.801332  0.00549062
        1074    0.763288    0.801296  0.00548562
        1075    0.764223    0.801262  0.00548063
        1076    0.765231    0.801228  0.00547563
        1077    0.766309    0.801196  0.00547065
        1078    0.767457    0.801165  0.00546566
        1079    0.768672    0.801135  0.00546068
        1080    0.769952    0.801106   0.0054557
        1081    0.771295    0.801078  0.00545072
        1082    0.772698    0.801052  0.00544575
        1083    0.774159    0.801027  0.00544077
        1084    0.775674    0.801004  0.00543581
        1085    0.777241    0.800982  0.00543084
        1086    0.778857    0.800961  0.00542588
        1087    0.780519    0.800943  0.00542092
        1088    0.782224    0.800925  0.00541596
        1089     0.78397     0.80091  0.00541101
        1090    0.785754    0.800896  0.00540607
        1091    0.787572    0.800884  0.00540112
        1092    0.789422    0.800873  0.00539619
        1093    0.791302    0.800864  0.00539126
        1094    0.793207    0.800857  0.00538634
        1095    0.795136    0.800852  0.00538142
        1096    0.797084    0.800849  0.00537651
        1097    0.799048    0.800847  0.00537161
        1098    0.801025    0.800847  0.00536672
        1099    0.803013    0.800849  0.00536183
        1100    0.805009    0.800853  0.00535696
        1101     0.80701    0.800859   0.0053521
        1102    0.809012    0.800866  0.00534725
        1103    0.811014    0.800875  0.00534241
        1104    0.813011    0.800886  0.00533758
        1105    0.815003    0.800899  0.00533276
        1106    0.816985    0.800914  0.00532796
        1107    0.818954     0.80093  0.00532317
        1108    0.820909    0.800948   0.0053184
        1109    0.822845    0.800968  0.00531364
        1110     0.82476    0.800989   0.0053089
        1111     0.82665    0.801012  0.00530417
        1112    0.828514    0.801037  0.00529946
        1113    0.830349    0.801063  0.00529476
        1114    0.832153    0.801091  0.00529008
        1115    0.833922    0.801121  0.00528542
        1116    0.835655    0.801152  0.00528077
        1117     0.83735    0.801184  0.00527614
        1118    0.839004    0.801218  0.00527153
        1119    0.840613    0.801253  0.00526694
        1120    0.842178     0.80129  0.00526236
        1121    0.843696    0.801327  0.00525781
        1122    0.845164    0.801366  0.00525327
        1123     0.84658    0.801407  0.00524874
        1124    0.847943    0.801448  0.00524424
        1125    0.849251    0.801491  0.00523975
        1126    0.850501    0.801534  0.00523527
        1127    0.851692    0.801579  0.00523082
        1128    0.852824    0.801624  0.00522638
        1129    0.853894     0.80167  0.00522195
        1130    0.854902    0.801717  0.00521754
        1131    0.855846    0.801765  0.00521315
        1132    0.856724    0.801814  0.00520877
        1133    0.857537    0.801863  0.00520441
        1134    0.858283    0.801913  0.00520005
        1135     0.85896    0.801963  0.00519572
        1136    0.859568    0.802014  0.00519139
        1137    0.860105    0.802065  0.00518708
        1138    0.860573    0.802116  0.00518277
        1139    0.860969    0.802168  0.00517848
        1140    0.861294     0.80222   0.0051742
        1141    0.861548    0.802272  0.00516992
        1142    0.861731    0.802324  0.00516566
        1143    0.861843    0.802376   0.0051614
        1144    0.861884    0.802428  0.00515715
        1145    0.861853     0.80248  0.00515291
        1146    0.861751    0.802532  0.00514867
        1147    0.861577    0.802583  0.00514444
        1148    0.861333    0.802634  0.00514021
        1149    0.861018    0.802685  0.00513599
        1150    0.860632    0.802735  0.00513177
        1151    0.860177    0.802785  0.00512756
        1152    0.859652    0.802835  0.00512334
        1153    0.859059    0.802883  0.00511913
        1154    0.858398    0.802932  0.00511492
        1155     0.85767    0.802979  0.00511071
        1156    0.856877    0.803026   0.0051065
        1157    0.856018    0.803071   0.0051023
        1158    0.855096    0.803116  0.00509809
        1159    0.854112     0.80316  0.00509388
        1160    0.853067    0.803203  0.00508967
        1161    0.851965    0.803245  0.00508546
        1162    0.850804    0.803286  0.00508125
        1163    0.849589    0.803326  0.00507703
        1164     0.84832    0.803365  0.00507282
        1165    0.846998    0.803402   0.0050686
        1166    0.845623    0.803438  0.00506439
        1167    0.844198    0.803473  0.00506017
        1168    0.842722    0.803507  0.00505595
        1169    0.841199    0.803539  0.00505172
        1170     0.83963     0.80357   0.0050475
        1171    0.838018    0.803599  0.00504328
        1172    0.836365    0.803627  0.00503905
        1173    0.834672    0.803654  0.00503482
        1174    0.832942    0.803679   0.0050306
        1175    0.831176    0.803702  0.00502637
        1176    0.829379    0.803724  0.00502214
        1177    0.827551    0.803744  0.00501792
        1178    0.825694    0.803763  0.00501369
        1179     0.82381     0.80378  0.00500947
        1180    0.821901    0.803795  0.00500525
        1181    0.819971    0.803809  0.00500103
        1182     0.81802    0.803821  0.00499681
        1183    0.816052    0.803831   0.0049926
        1184    0.814068     0.80384  0.00498839
        1185    0.812071    0.803847  0.00498418
        1186    0.810063    0.803852  0.00497998
        1187    0.808046    0.803856  0.00497579
        1188    0.806023    0.803858   0.0049716
        1189    0.803996    0.803858  0.00496742
        1190    0.801968    0.803856  0.00496325
        1191    0.799941    0.803853  0.00495908
        1192    0.797919    0.803848  0.00495492
        1193    0.795905    0.803841  0.00495077
        1194    0.793899    0.803833  0.00494663
        1195    0.791906    0.803823   0.0049425
        1196    0.789926    0.803811  0.00493839
        1197    0.787962    0.803798  0.00493428
        1198    0.786017    0.803783  0.00493018
        1199    0.784094    0.803767   0.0049261
        1200    0.782195    0.803749  0.00492202
        1201    0.780323    0.803729  0.00491796
        1202    0.778479    0.803708  0.00491392
        1203    0.776667    0.803686  0.00490988
        1204     0.77489    0.803662  0.00490586
        1205    0.773149    0.803637  0.00490186
        1206    0.771446     0.80361  0.00489787
        1207    0.769785    0.803582  0.00489389
        1208    0.768168    0.803552  0.00488993
        1209    0.766598    0.803522  0.00488598
        1210    0.765078     0.80349  0.00488204
        1211     0.76361    0.803457  0.00487812
        1212    0.762195    0.803423  0.00487422
        1213    0.760837    0.803388  0.00487032
        1214    0.759537    0.803352  0.00486645
        1215    0.758298    0.803315  0.00486258
        1216    0.757122    0.803277  0.00485873
        1217    0.756012    0.803238  0.00485489
        1218    0.754969    0.803198  0.00485107
        1219    0.753996    0.803158  0.00484726
        1220    0.753096    0.803117  0.00484346
        1221    0.752269    0.803075  0.00483967
        1222    0.751519    0.803033  0.00483589
        1223    0.750847    0.802991  0.00483213
        1224    0.750255    0.802947  0.00482837
        1225    0.749744    0.802904  0.00482463
        1226    0.749316     0.80286  0.00482089
        1227    0.748972    0.802816  0.00481716
        1228    0.748714    0.802772  0.00481344
        1229    0.748542    0.802728  0.00480972
        1230    0.748458    0.802684  0.00480602
        1231    0.748461     0.80264  0.00480231
        1232    0.748554    0.802596  0.00479862
        1233    0.748737    0.802552  0.00479492
        1234     0.74901    0.802509  0.00479123
        1235    0.749372    0.802466  0.00478755
        1236    0.749824    0.802423  0.00478386
        1237    0.750366    0.802381  0.00478018
        1238    0.750997     0.80234   0.0047765
        1239    0.751718    0.802299  0.00477282
        1240    0.752527    0.802259  0.00476914
        1241    0.753423    0.802219  0.00476546
        1242    0.754406    0.802181  0.00476178
        1243    0.755475    0.802143   0.0047581
        1244    0.756629    0.802107  0.00475441
        1245    0.757864    0.802071  0.00475073
        1246    0.759181    0.802037  0.00474704
        1247    0.760577    0.802004  0.00474335
        1248    0.762049    0.801972  0.00473965
        1249    0.763597    0.801941  0.00473596
        1250    0.765217    0.801912  0.00473226
        1251    0.766908    0.801884  0.00472856
        1252    0.768666    0.801857  0.00472486
        1253    0.770488    0.801832  0.00472115
        1254    0.772371    0.801808  0.00471745
        1255    0.774312    0.801787  0.00471374
        1256    0.776308    0.801766  0.00471003
        1257    0.778356    0.801748  0.00470632
        1258    0.780455    0.801731  0.00470261
        1259    0.782599    0.801716   0.0046989
        1260    0.784786    0.801702  0.00469519
        1261    0.787012     0.80169  0.00469148
        1262    0.789274    0.801681  0.00468777
        1263    0.791569    0.801673  0.00468407
        1264    0.793893    0.801666  0.00468037
        1265    0.796243    0.801662  0.00467667
        1266    0.798615     0.80166  0.00467298
        1267    0.801007    0.801659  0.00466929
        1268    0.803416    0.801661  0.00466561
        1269    0.805839    0.801664  0.00466193
        1270    0.808272    0.801669  0.00465826
        1271    0.810712    0.801676   0.0046546
        1272    0.813156    0.801685  0.00465095
        1273    0.815602    0.801696  0.00464731
        1274    0.818047    0.801709  0.00464368
        1275    0.820486    0.801724  0.00464006
        1276    0.822918     0.80174  0.00463646
        1277    0.825339    0.801759  0.00463286
        1278    0.827747    0.801779  0.00462928
        1279     0.83014    0.801801  0.00462571
        1280    0.832514    0.801825  0.00462216
        1281    0.834868    0.801851  0.00461863
        1282    0.837201    0.801879  0.00461511
        1283     0.83951    0.801908   0.0046116
        1284    0.841792    0.801939  0.00460812
        1285    0.844047    0.801972  0.00460465
        1286     0.84627    0.802006  0.00460119
        1287    0.848462    0.802042  0.00459776
        1288    0.850621     0.80208  0.00459435
        1289    0.852745    0.802119  0.00459095
        1290    0.854835     0.80216  0.00458757
        1291    0.856888    0.802203  0.00458421
        1292    0.858903    0.802247  0.00458088
        1293    0.860879    0.802292  0.00457756
        1294    0.862816    0.802339  0.00457426
        1295    0.864712    0.802387  0.00457098
        1296    0.866567    0.802436  0.00456772
        1297    0.868381    0.802487  0.00456448
        1298    0.870152    0.802539  0.00456126
        1299    0.871881    0.802593  0.00455807
        1300    0.873567    0.802647  0.00455489
        1301     0.87521    0.802703  0.00455173
        1302    0.876808     0.80276  0.00454859
        1303    0.878362    0.802818  0.00454547
        1304    0.879872    0.802877  0.00454236
        1305    0.881336    0.802937  0.00453928
        1306    0.882755    0.802998  0.00453622
        1307    0.884128     0.80306  0.00453317
        1308    0.885457    0.803123  0.00453014
        1309    0.886742    0.803187  0.00452713
        1310    0.887983    0.803252  0.00452414
        1311    0.889181    0.803318  0.00452116
        1312    0.890334    0.803384   0.0045182
        1313    0.891443    0.803451  0.00451526
        1314    0.892506    0.803519  0.00451233
        1315    0.893523    0.803587  0.00450942
        1316    0.894495    0.803656  0.00450652
        1317    0.895423    0.803726  0.00450364
        1318    0.896307    0.803796  0.00450077
        1319    0.897146    0.803867  0.00449791
        1320    0.897941    0.803938  0.00449507
        1321    0.898691     0.80401  0.00449224
        1322    0.899396    0.804082  0.00448942
        1323    0.900055    0.804155  0.00448662
        1324    0.900668    0.804228  0.00448382
        1325    0.901237    0.804301  0.00448103
        1326    0.901761    0.804374  0.00447826
        1327     0.90224    0.804448  0.00447549
        1328    0.902674    0.804522  0.00447273
        1329    0.903062    0.804596  0.00446998
        1330    0.903406     0.80467  0.00446723
        1331    0.903704    0.804745   0.0044645
        1332    0.903957    0.804819  0.00446177
        1333    0.904163    0.804894  0.00445904
        1334    0.904325    0.804968  0.00445632
        1335     0.90444    0.805043  0.00445361
        1336     0.90451    0.805117   0.0044509
        1337    0.904533    0.805192  0.00444819
        1338    0.904509    0.805266  0.00444548
        1339     0.90444     0.80534  0.00444278
        1340    0.904324    0.805414  0.00444008
        1341    0.904163    0.805487  0.00443738
        1342    0.903956    0.805561  0.00443468
        1343    0.903702    0.805634  0.00443198
        1344    0.903403    0.805707  0.00442928
        1345    0.903057    0.805779  0.00442658
        1346    0.902666    0.805851  0.00442387
        1347    0.902227    0.805923  0.00442117
        1348    0.901742    0.805994  0.00441846
        1349     0.90121    0.806064  0.00441575
        1350     0.90063    0.806134  0.00441303
        1351    0.900005    0.806204  0.00441031
        1352    0.899332    0.806273  0.00440759
        1353    0.898611    0.806341  0.00440486
        1354    0.897844    0.806409  0.00440212
        1355    0.897029    0.806475  0.00439938
        1356    0.896168    0.806542  0.00439664
        1357     0.89526    0.806607  0.00439388
        1358    0.894304    0.806671  0.00439112
        1359    0.893301    0.806735  0.00438835
        1360    0.892249    0.806798  0.00438558
        1361    0.891148     0.80686  0.00438279
        1362    0.889998    0.806921     0.00438
        1363    0.888799    0.806981   0.0043772
        1364     0.88755     0.80704  0.00437439
        1365    0.886251    0.807098  0.00437157
        1366    0.884902    0.807155  0.00436874
        1367    0.883502    0.807211   0.0043659
        1368     0.88205    0.807266  0.00436305
        1369    0.880545    0.807319  0.00436019
        1370    0.878989    0.807372  0.00435732
        1371    0.877379    0.807423  0.00435444
        1372    0.875717    0.807472  0.00435155
        1373    0.874001    0.807521  0.00434865
        1374    0.872233    0.807568  0.00434574
        1375    0.870411    0.807614  0.00434282
        1376    0.868535    0.807658  0.00433989
        1377    0.866604    0.807701  0.00433695
        1378    0.864618    0.807742    0.004334
        1379    0.862578    0.807782  0.00433104
        1380    0.860484     0.80782  0.00432807
        1381    0.858336    0.807857  0.00432509
        1382    0.856133    0.807892   0.0043221
        1383    0.853875    0.807925  0.00431911
        1384    0.851563    0.807956   0.0043161
        1385    0.849199    0.807986  0.00431309
        1386    0.846781    0.808014  0.00431007
        1387     0.84431     0.80804  0.00430704
        1388    0.841787    0.808065    0.004304
        1389    0.839212    0.808087  0.00430096
        1390    0.836586    0.808108  0.00429792
        1391    0.833911    0.808126  0.00429487
        1392    0.831186    0.808143  0.00429182
        1393    0.828413    0.808157  0.00428876
        1394    0.825593     0.80817   0.0042857
        1395    0.822726     0.80818  0.00428264
        1396    0.819815    0.808189  0.00427958
        1397    0.816864    0.808195  0.00427652
        1398    0.813872    0.808199  0.00427347
        1399    0.810842    0.808201  0.00427041
        1400    0.807775      0.8082  0.00426736
        1401    0.804672    0.808198  0.00426432
        1402    0.801537    0.808193  0.00426128
        1403     0.79837    0.808186  0.00425825
        1404    0.795176    0.808177  0.00425522
        1405    0.791955    0.808165  0.00425221
        1406    0.788711    0.808151  0.00424921
        1407    0.785448    0.808135  0.00424622
        1408    0.782168    0.808117  0.00424324
        1409    0.778873    0.808096  0.00424028
        1410    0.775569    0.808073  0.00423734
        1411    0.772257    0.808048  0.00423441
        1412    0.768941     0.80802   0.0042315
        1413    0.765625     0.80799  0.00422861
        1414    0.762311    0.807958  0.00422575
        1415    0.759004    0.807923   0.0042229
        1416    0.755708    0.807886  0.00422008
        1417    0.752427    0.807847  0.00421728
        1418    0.749166    0.807806  0.00421451
        1419    0.745927    0.807762  0.00421177
        1420    0.742716    0.807716  0.00420905
        1421    0.739537    0.807668  0.00420636
        1422    0.736393    0.807618   0.0042037
        1423    0.733289    0.807566  0.00420107
        1424    0.730228    0.807512  0.00419847
        1425    0.727215    0.807455  0.00419591
        1426    0.724255    0.807397  0.00419337
        1427    0.721352    0.807337  0.00419086
        1428     0.71851    0.807274  0.00418839
        1429    0.715732     0.80721  0.00418595
        1430    0.713023    0.807144  0.00418354
        1431    0.710387    0.807077  0.00418116
        1432    0.707829    0.807008  0.00417882
        1433    0.705353    0.806937   0.0041765
        1434    0.702964    0.806864  0.00417422
        1435    0.700664     0.80679  0.00417197
        1436    0.698458    0.806715  0.00416975
        1437    0.696348    0.806638  0.00416755
        1438     0.69434     0.80656  0.00416538
        1439    0.692436     0.80648  0.00416324
        1440    0.690639      0.8064  0.00416113
        1441    0.688952    0.806319  0.00415904
        1442    0.687378    0.806236  0.00415697
        1443    0.685919    0.806153  0.00415493
        1444    0.684579    0.806068  0.00415291
        1445    0.683361    0.805984   0.0041509
        1446    0.682267    0.805898  0.00414891
        1447    0.681298    0.805812  0.00414694
        1448    0.680458    0.805725  0.00414498
        1449    0.679746    0.805638  0.00414303
        1450    0.679163    0.805551  0.00414109
        1451    0.678713    0.805464  0.00413916
        1452    0.678394    0.805376  0.00413723
        1453    0.678209    0.805289  0.00413531
        1454    0.678158    0.805201  0.00413339
        1455    0.678241    0.805114  0.00413147
        1456    0.678459    0.805027  0.00412955
        1457     0.67881     0.80494  0.00412762
        1458    0.679294    0.804854  0.00412569
        1459    0.679911    0.804769  0.00412375
        1460    0.680659    0.804684   0.0041218
        1461    0.681539    0.804599  0.00411984
        1462    0.682549    0.804516  0.00411787
        1463    0.683689    0.804433  0.00411589
        1464    0.684955    0.804352  0.00411388
        1465    0.686346    0.804271  0.00411186
        1466    0.687861    0.804192  0.00410982
        1467    0.689496    0.804113  0.00410777
        1468     0.69125    0.804037  0.00410569
        1469     0.69312    0.803961  0.00410359
        1470    0.695104    0.803887  0.00410146
        1471    0.697197    0.803814  0.00409932
        1472    0.699397    0.803744  0.00409715
        1473      0.7017    0.803674  0.00409495
        1474    0.704106    0.803607  0.00409273
        1475    0.706609    0.803541  0.00409048
        1476    0.709207    0.803477  0.00408821
        1477    0.711896    0.803415  0.00408591
        1478    0.714672    0.803355  0.00408359
        1479    0.717532    0.803297  0.00408124
        1480    0.720471    0.803241  0.00407887
        1481    0.723487    0.803187  0.00407647
        1482    0.726574    0.803135  0.00407405
        1483    0.729729    0.803086   0.0040716
        1484    0.732949    0.803039  0.00406913
        1485    0.736231    0.802994  0.00406664
        1486    0.739568    0.802951  0.00406413
        1487    0.742957    0.802911  0.00406159
        1488    0.746394    0.802873  0.00405904
        1489    0.749876    0.802837  0.00405647
        1490    0.753397    0.802804  0.00405388
        1491    0.756956    0.802773  0.00405128
        1492    0.760546    0.802745  0.00404866
        1493    0.764165    0.802719  0.00404604
        1494    0.767809    0.802696  0.00404339
        1495    0.771473    0.802675  0.00404074
        1496    0.775154    0.802656  0.00403809
        1497    0.778847     0.80264  0.00403542
        1498    0.782549    0.802627  0.00403275
        1499    0.786256    0.802616  0.00403007
        1500    0.789964    0.802608  0.00402739
        1501    0.793672    0.802602  0.00402472
        1502    0.797374    0.802598  0.00402204
        1503    0.801066    0.802597  0.00401936
        1504    0.804744    0.802599  0.00401669
        1505    0.808404    0.802603  0.00401402
        1506    0.812043    0.802609  0.00401136
        1507    0.815659    0.802617  0.00400871
        1508    0.819247    0.802628  0.00400607
        1509    0.822805    0.802642  0.00400343
        1510    0.826328    0.802658  0.00400081
        1511    0.829815    0.802676  0.00399821
        1512    0.833262    0.802696  0.00399561
        1513    0.836665    0.802718  0.00399303
        1514    0.840023    0.802743  0.00399047
        1515    0.843331     0.80277  0.00398793
        1516    0.846586    0.802799   0.0039854
        1517    0.849786     0.80283   0.0039829
        1518    0.852927    0.802863  0.00398041
        1519    0.856006    0.802897  0.00397794
        1520    0.859023    0.802934   0.0039755
        1521    0.861973    0.802973  0.00397307
        1522    0.864856    0.803014  0.00397067
        1523    0.867667    0.803056  0.00396829
        1524    0.870404    0.803101  0.00396593
        1525    0.873065    0.803146   0.0039636
        1526    0.875648    0.803194  0.00396128
        1527    0.878153    0.803243  0.00395899
        1528    0.880576    0.803294  0.00395673
        1529    0.882914    0.803346  0.00395448
        1530    0.885166    0.803399  0.00395226
        1531    0.887331    0.803454  0.00395006
        1532    0.889408     0.80351  0.00394788
        1533    0.891392    0.803567  0.00394572
        1534    0.893283    0.803626  0.00394358
        1535    0.895079    0.803685  0.00394146
        1536    0.896779    0.803746  0.00393936
        1537    0.898382    0.803808  0.00393728
        1538    0.899886     0.80387  0.00393521
        1539    0.901291    0.803933  0.00393317
        1540    0.902597    0.803998  0.00393113
        1541    0.903802    0.804062  0.00392912
        1542    0.904906    0.804128  0.00392711
        1543    0.905908    0.804194  0.00392512
        1544    0.906808     0.80426  0.00392314
        1545    0.907606    0.804327  0.00392117
        1546    0.908299    0.804394  0.00391921
        1547     0.90889    0.804462  0.00391726
        1548    0.909378     0.80453  0.00391532
        1549    0.909762    0.804598  0.00391338
        1550    0.910042    0.804666  0.00391145
        1551     0.91022    0.804734  0.00390952
        1552    0.910295    0.804802  0.00390759
        1553    0.910267     0.80487  0.00390566
        1554    0.910139    0.804937  0.00390374
        1555    0.909909    0.805005  0.00390181
        1556     0.90958    0.805072  0.00389988
        1557    0.909152    0.805139  0.00389795
        1558    0.908625    0.805205  0.00389601
        1559       0.908    0.805271  0.00389407
        1560     0.90728    0.805337  0.00389212
        1561    0.906466    0.805401  0.00389017
        1562    0.905559    0.805465  0.00388821
        1563     0.90456    0.805529  0.00388624
        1564    0.903471    0.805591  0.00388426
        1565    0.902294    0.805653  0.00388227
        1566    0.901031    0.805714  0.00388027
        1567    0.899683    0.805774  0.00387825
        1568    0.898254    0.805833  0.00387623
        1569    0.896746    0.805891  0.00387419
        1570     0.89516    0.805948  0.00387214
        1571    0.893499    0.806004  0.00387008
        1572    0.891763    0.806058    0.003868
        1573    0.889956    0.806112  0.00386591
        1574    0.888082    0.806164   0.0038638
        1575    0.886143    0.806214  0.00386168
        1576    0.884141    0.806264  0.00385955
        1577    0.882081    0.806312   0.0038574
        1578    0.879963    0.806359  0.00385524
        1579    0.877792    0.806404  0.00385306
        1580    0.875569    0.806448  0.00385087
        1581    0.873299     0.80649  0.00384867
        1582    0.870984    0.806531  0.00384645
        1583    0.868627     0.80657  0.00384422
        1584    0.866232    0.806608  0.00384198
        1585    0.863802    0.806644  0.00383973
        1586     0.86134    0.806678  0.00383746
        1587    0.858848    0.806711  0.00383518
        1588    0.856329    0.806742  0.00383289
        1589    0.853788    0.806772   0.0038306
        1590    0.851228      0.8068  0.00382829
        1591    0.848653    0.806826  0.00382597
        1592    0.846065    0.806851  0.00382365
        1593    0.843467    0.806874  0.00382132
        1594    0.840864    0.806895  0.00381898
        1595    0.838257    0.806915  0.00381664
        1596    0.835651    0.806933  0.00381429
        1597    0.833049    0.806949  0.00381193
        1598    0.830454    0.806964  0.00380958
        1599     0.82787    0.806977  0.00380722
        1600      0.8253    0.806988  0.00380486
        1601    0.822748    0.806998  0.00380249
        1602    0.820216    0.807006  0.00380013
        1603    0.817709    0.807013  0.00379776
        1604    0.815228    0.807018   0.0037954
        1605    0.812776    0.807022  0.00379303
        1606    0.810356    0.807024  0.00379067
        1607    0.807972    0.807024  0.00378831
        1608    0.805627    0.807024  0.00378596
        1609    0.803322    0.807021  0.00378361
        1610    0.801062    0.807018  0.00378126
        1611    0.798849    0.807013  0.00377891
        1612    0.796686    0.807006  0.00377658
        1613    0.794574    0.806998  0.00377424
        1614    0.792518    0.806989  0.00377191
        1615    0.790518    0.806979  0.00376959
        1616    0.788578    0.806968  0.00376728
        1617    0.786698    0.806955  0.00376497
        1618     0.78488    0.806942  0.00376267
        1619    0.783127    0.806927  0.00376037
        1620    0.781441    0.806911  0.00375808
        1621    0.779823    0.806895   0.0037558
        1622    0.778276    0.806877  0.00375353
        1623      0.7768    0.806858  0.00375126
        1624    0.775398    0.806839    0.003749
        1625    0.774069    0.806819  0.00374675
        1626    0.772815    0.806798   0.0037445
        1627    0.771638    0.806776  0.00374226
        1628    0.770538    0.806754  0.00374003
        1629    0.769515    0.806731   0.0037378
        1630    0.768571    0.806708  0.00373558
        1631    0.767706    0.806684  0.00373337
        1632    0.766919     0.80666  0.00373116
        1633    0.766211    0.806635  0.00372896
        1634    0.765581     0.80661  0.00372676
        1635     0.76503    0.806584  0.00372457
        1636    0.764557    0.806558  0.00372238
        1637    0.764161    0.806533   0.0037202
        1638    0.763842    0.806507  0.00371802
        1639      0.7636     0.80648  0.00371584
        1640    0.763434    0.806454  0.00371367
        1641    0.763341    0.806428   0.0037115
        1642    0.763321    0.806402  0.00370933
        1643    0.763374    0.806375  0.00370717
        1644    0.763497    0.806349    0.003705
        1645    0.763688    0.806323  0.00370284
        1646    0.763947    0.806298  0.00370068
        1647    0.764272    0.806272  0.00369852
        1648     0.76466    0.806247  0.00369636
        1649     0.76511    0.806222  0.00369421
        1650    0.765621    0.806197  0.00369205
        1651    0.766192    0.806173  0.00368989
        1652     0.76682    0.806149  0.00368774
        1653    0.767501    0.806126  0.00368558
        1654    0.768234    0.806103  0.00368342
        1655    0.769015    0.806081  0.00368126
        1656    0.769845    0.806059  0.00367911
        1657    0.770719    0.806037  0.00367695
        1658    0.771637    0.806017  0.00367479
        1659    0.772594    0.805996  0.00367263
        1660    0.773588    0.805977  0.00367047
        1661    0.774618    0.805958  0.00366831
        1662     0.77568     0.80594  0.00366615
        1663    0.776771    0.805922  0.00366398
        1664     0.77789    0.805905  0.00366182
        1665    0.779035    0.805889  0.00365966
        1666    0.780203    0.805874  0.00365749
        1667    0.781392    0.805859  0.00365533
        1668    0.782599    0.805845  0.00365316
        1669    0.783822    0.805832    0.003651
        1670    0.785059     0.80582  0.00364883
        1671    0.786309    0.805808  0.00364667
        1672    0.787568    0.805797   0.0036445
        1673    0.788837    0.805787  0.00364234
        1674    0.790111    0.805778  0.00364017
        1675    0.791389    0.805769  0.00363801
        1676    0.792669    0.805761  0.00363585
        1677     0.79395    0.805754  0.00363369
        1678    0.795231    0.805748  0.00363153
        1679    0.796509    0.805742  0.00362937
        1680    0.797785    0.805738  0.00362721
        1681    0.799054    0.805734  0.00362506
        1682    0.800316     0.80573   0.0036229
        1683     0.80157    0.805728  0.00362075
        1684    0.802815    0.805726   0.0036186
        1685     0.80405    0.805725  0.00361645
        1686    0.805275    0.805725  0.00361431
        1687    0.806489    0.805725  0.00361217
        1688     0.80769    0.805727  0.00361003
        1689    0.808879    0.805728  0.00360789
        1690    0.810055    0.805731  0.00360576
        1691    0.811218    0.805734  0.00360362
        1692    0.812365    0.805738   0.0036015
        1693    0.813497    0.805743  0.00359937
        1694    0.814614    0.805748  0.00359725
        1695    0.815715    0.805754  0.00359513
        1696      0.8168     0.80576  0.00359302
        1697    0.817869    0.805767  0.00359091
        1698    0.818922    0.805775   0.0035888
        1699    0.819958    0.805784   0.0035867
        1700    0.820978    0.805793   0.0035846
        1701    0.821982    0.805802  0.00358251
        1702    0.822971    0.805812  0.00358042
        1703    0.823943    0.805823  0.00357833
        1704    0.824901    0.805834  0.00357625
        1705    0.825844    0.805846  0.00357417
        1706    0.826773    0.805858   0.0035721
        1707    0.827688    0.805871  0.00357003
        1708    0.828589    0.805884  0.00356796
        1709    0.829477    0.805898   0.0035659
        1710    0.830352    0.805912  0.00356384
        1711    0.831214    0.805927  0.00356179
        1712    0.832064    0.805942  0.00355974
        1713    0.832903    0.805958   0.0035577
        1714    0.833731    0.805974  0.00355566
        1715    0.834548    0.805991  0.00355363
        1716    0.835357    0.806008   0.0035516
        1717    0.836157    0.806025  0.00354957
        1718    0.836948    0.806043  0.00354755
        1719    0.837731    0.806062  0.00354554
        1720    0.838506    0.806081  0.00354352
        1721    0.839272      0.8061  0.00354152
        1722    0.840029     0.80612  0.00353952
        1723     0.84078     0.80614  0.00353752
        1724    0.841522     0.80616  0.00353553
        1725    0.842256    0.806181  0.00353354
        1726    0.842981    0.806203  0.00353156
        1727    0.843699    0.806224  0.00352958
        1728    0.844407    0.806246   0.0035276
        1729    0.845108    0.806269  0.00352564
        1730    0.845801    0.806292  0.00352367
        1731    0.846484    0.806315  0.00352171
        1732    0.847158    0.806339  0.00351976
        1733    0.847823    0.806363  0.00351781
        1734    0.848478    0.806387  0.00351586
        1735    0.849121    0.806411  0.00351392
        1736    0.849753    0.806436  0.00351199
        1737    0.850371    0.806462  0.00351006
        1738    0.850975    0.806487  0.00350813
        1739    0.851563    0.806513  0.00350621
        1740    0.852136    0.806539  0.00350429
        1741    0.852693    0.806566  0.00350238
        1742    0.853231    0.806593  0.00350047
        1743     0.85375     0.80662  0.00349857
        1744    0.854248    0.806647  0.00349667
        1745    0.854723    0.806675  0.00349477
        1746    0.855174    0.806702  0.00349288
        1747    0.855599     0.80673    0.003491
        1748    0.855998    0.806759  0.00348911
        1749    0.856369    0.806787  0.00348723
        1750    0.856709    0.806816  0.00348536
        1751    0.857018    0.806844  0.00348348
        1752    0.857295    0.806873  0.00348161
        1753    0.857538    0.806902  0.00347975
        1754    0.857746    0.806931  0.00347789
        1755    0.857917     0.80696  0.00347602
        1756    0.858049    0.806989  0.00347417
        1757    0.858142    0.807018  0.00347231
        1758    0.858196    0.807047  0.00347046
        1759    0.858208    0.807076  0.00346861
        1760    0.858177    0.807105  0.00346676
        1761    0.858101    0.807134  0.00346491
        1762    0.857979    0.807163  0.00346306
        1763     0.85781    0.807192  0.00346122
        1764    0.857594     0.80722  0.00345937
        1765    0.857329    0.807249  0.00345753
        1766    0.857015    0.807277  0.00345569
        1767    0.856651    0.807305  0.00345385
        1768    0.856235    0.807333    0.003452
        1769    0.855767     0.80736  0.00345016
        1770    0.855247    0.807387  0.00344832
        1771    0.854675    0.807414  0.00344647
        1772    0.854051     0.80744  0.00344463
        1773    0.853374    0.807466  0.00344278
        1774    0.852645    0.807491  0.00344094
        1775    0.851864    0.807516  0.00343909
        1776    0.851032    0.807541  0.00343724
        1777    0.850149    0.807565  0.00343539
        1778    0.849215    0.807588  0.00343354
        1779    0.848231    0.807611  0.00343168
        1780    0.847197    0.807633  0.00342983
        1781    0.846113    0.807655  0.00342797
        1782    0.844982    0.807676  0.00342611
        1783    0.843803    0.807696  0.00342425
        1784    0.842578    0.807716  0.00342238
        1785     0.84131    0.807735  0.00342052
        1786    0.839997    0.807753  0.00341865
        1787    0.838641     0.80777  0.00341678
        1788    0.837245    0.807787  0.00341491
        1789     0.83581    0.807802  0.00341304
        1790    0.834336    0.807817  0.00341116
        1791    0.832827    0.807831  0.00340929
        1792    0.831283    0.807844  0.00340741
        1793    0.829707    0.807856  0.00340553
        1794      0.8281    0.807868  0.00340365
        1795    0.826465    0.807878  0.00340177
        1796    0.824803    0.807887  0.00339989
        1797    0.823115    0.807896  0.00339801
        1798    0.821406    0.807903  0.00339613
        1799    0.819676     0.80791  0.00339425
        1800    0.817927    0.807915  0.00339236
        1801    0.816162     0.80792  0.00339048
        1802    0.814384    0.807924   0.0033886
        1803    0.812594    0.807926  0.00338673
        1804    0.810794    0.807928  0.00338485
        1805    0.808987    0.807928  0.00338297
        1806    0.807175    0.807928   0.0033811
        1807     0.80536    0.807926  0.00337923
        1808    0.803545    0.807924  0.00337736
        1809    0.801732    0.807921   0.0033755
        1810    0.799924    0.807916  0.00337363
        1811    0.798123    0.807911  0.00337178
        1812    0.796332    0.807904  0.00336992
        1813    0.794552    0.807897  0.00336807
        1814    0.792787    0.807889  0.00336622
        1815    0.791037    0.807879  0.00336438
        1816    0.789307    0.807869  0.00336255
        1817      0.7876    0.807858  0.00336071
        1818    0.785917    0.807846  0.00335889
        1819    0.784261    0.807833  0.00335706
        1820    0.782632    0.807819  0.00335525
        1821    0.781034    0.807804  0.00335344
        1822    0.779467    0.807789  0.00335163
        1823    0.777936    0.807773  0.00334984
        1824    0.776441    0.807755  0.00334804
        1825    0.774985    0.807737  0.00334626
        1826     0.77357    0.807719  0.00334448
        1827    0.772196    0.807699   0.0033427
        1828    0.770867    0.807679  0.00334093
        1829    0.769584    0.807658  0.00333917
        1830    0.768348    0.807637  0.00333742
        1831    0.767162    0.807615  0.00333567
        1832    0.766027    0.807592  0.00333392
        1833    0.764944    0.807569  0.00333219
        1834    0.763915    0.807545  0.00333045
        1835    0.762941    0.807521  0.00332873
        1836    0.762023    0.807496  0.00332701
        1837    0.761163    0.807471  0.00332529
        1838    0.760361    0.807445  0.00332358
        1839    0.759619    0.807419  0.00332188
        1840    0.758937    0.807393  0.00332018
        1841    0.758316    0.807366  0.00331848
        1842    0.757756    0.807339  0.00331679
        1843     0.75726    0.807312   0.0033151
        1844    0.756827    0.807284  0.00331341
        1845    0.756457    0.807257  0.00331173
        1846    0.756152    0.807229  0.00331005
        1847     0.75591    0.807201  0.00330838
        1848    0.755731    0.807174  0.00330671
        1849    0.755614    0.807146  0.00330503
        1850    0.755561    0.807118  0.00330337
        1851    0.755569     0.80709   0.0033017
        1852     0.75564    0.807062  0.00330003
        1853    0.755773    0.807035  0.00329837
        1854    0.755967    0.807007   0.0032967
        1855    0.756222     0.80698  0.00329504
        1856    0.756536    0.806952  0.00329338
        1857    0.756908    0.806925  0.00329171
        1858    0.757338    0.806899  0.00329005
        1859    0.757825    0.806872  0.00328839
        1860    0.758368    0.806846  0.00328672
        1861    0.758966    0.806821  0.00328506
        1862    0.759617    0.806795  0.00328339
        1863     0.76032     0.80677  0.00328172
        1864    0.761072    0.806746  0.00328005
        1865    0.761871    0.806722  0.00327838
        1866    0.762715    0.806698  0.00327671
        1867    0.763602    0.806675  0.00327504
        1868     0.76453    0.806653  0.00327336
        1869    0.765497     0.80663  0.00327168
        1870    0.766503    0.806609     0.00327
        1871    0.767545    0.806588  0.00326832
        1872     0.76862    0.806568  0.00326664
        1873    0.769726    0.806548  0.00326496
        1874     0.77086    0.806529  0.00326327
        1875    0.772021    0.806511  0.00326158
        1876    0.773205    0.806493  0.00325989
        1877     0.77441    0.806476   0.0032582
        1878    0.775633    0.806459   0.0032565
        1879    0.776873    0.806444  0.00325481
        1880    0.778126    0.806429  0.00325311
        1881    0.779391    0.806414  0.00325142
        1882    0.780665    0.806401  0.00324972
        1883    0.781947    0.806388  0.00324802
        1884    0.783233    0.806375  0.00324632
        1885    0.784521    0.806364  0.00324461
        1886    0.785808    0.806353  0.00324291
        1887    0.787092    0.806343  0.00324121
        1888     0.78837    0.806333  0.00323951
        1889     0.78964    0.806324   0.0032378
        1890    0.790899    0.806316   0.0032361
        1891    0.792146    0.806309   0.0032344
        1892    0.793377    0.806302   0.0032327
        1893    0.794592    0.806296  0.00323099
        1894    0.795787     0.80629  0.00322929
        1895    0.796962    0.806285  0.00322759
        1896    0.798113    0.806281  0.00322589
        1897     0.79924    0.806277   0.0032242
        1898    0.800341    0.806274   0.0032225
        1899    0.801415    0.806271   0.0032208
        1900    0.802459    0.806269  0.00321911
        1901    0.803472    0.806268  0.00321741
        1902    0.804454    0.806267  0.00321572
        1903    0.805403    0.806267  0.00321403
        1904    0.806318    0.806267  0.00321235
        1905    0.807199    0.806267  0.00321066
        1906    0.808044    0.806268  0.00320897
        1907    0.808852    0.806269  0.00320729
        1908    0.809622    0.806271  0.00320561
        1909    0.810354    0.806273  0.00320393
        1910    0.811045    0.806276  0.00320226
        1911    0.811698    0.806279  0.00320058
        1912     0.81231    0.806282  0.00319891
        1913    0.812883    0.806285  0.00319724
        1914    0.813415    0.806289  0.00319557
        1915    0.813907    0.806293  0.00319391
        1916    0.814357    0.806297  0.00319224
        1917    0.814768    0.806302  0.00319058
        1918    0.815138    0.806306  0.00318892
        1919     0.81547    0.806311  0.00318726
        1920    0.815762    0.806316   0.0031856
        1921    0.816016    0.806321  0.00318395
        1922    0.816231    0.806326   0.0031823
        1923    0.816408    0.806331  0.00318065
        1924    0.816548    0.806337    0.003179
        1925    0.816652    0.806342  0.00317735
        1926     0.81672    0.806347  0.00317571
        1927    0.816752    0.806353  0.00317406
        1928     0.81675    0.806358  0.00317242
        1929    0.816716    0.806363  0.00317078
        1930    0.816649    0.806369  0.00316914
        1931    0.816552    0.806374  0.00316751
        1932    0.816424    0.806379  0.00316587
        1933    0.816268    0.806384  0.00316424
        1934    0.816083    0.806389  0.00316261
        1935    0.815871    0.806394  0.00316097
        1936    0.815633    0.806399  0.00315935
        1937    0.815371    0.806404  0.00315772
        1938    0.815084    0.806408  0.00315609
        1939    0.814776    0.806413  0.00315447
        1940    0.814445    0.806417  0.00315284
        1941    0.814095    0.806421  0.00315122
        1942    0.813727    0.806424   0.0031496
        1943    0.813341    0.806428  0.00314798
        1944    0.812939    0.806431  0.00314636
        1945    0.812521    0.806434  0.00314475
        1946     0.81209    0.806437  0.00314313
        1947    0.811648     0.80644  0.00314152
        1948    0.811193    0.806442  0.00313991
        1949    0.810729    0.806445   0.0031383
        1950    0.810255    0.806447  0.00313669
        1951    0.809772    0.806448  0.00313508
        1952    0.809282     0.80645  0.00313348
        1953    0.808786    0.806451  0.00313187
        1954    0.808285    0.806452  0.00313027
        1955     0.80778    0.806453  0.00312867
        1956    0.807272    0.806453  0.00312707
        1957    0.806761    0.806453  0.00312547
        1958    0.806249    0.806453  0.00312388
        1959    0.805737    0.806453  0.00312228
        1960    0.805226    0.806452  0.00312069
        1961    0.804716    0.806451   0.0031191
        1962    0.804208     0.80645  0.00311751
        1963    0.803702    0.806449  0.00311592
        1964      0.8032    0.806447  0.00311433
        1965    0.802702    0.806445  0.00311275
        1966    0.802209    0.806443  0.00311117
        1967    0.801723     0.80644  0.00310959
        1968    0.801243    0.806438  0.00310801
        1969    0.800768    0.806435  0.00310643
        1970      0.8003    0.806432  0.00310485
        1971    0.799838    0.806429  0.00310328
        1972    0.799383    0.806425  0.00310171
        1973    0.798936    0.806421  0.00310014
        1974    0.798497    0.806417  0.00309857
        1975    0.798065    0.806413  0.00309701
        1976    0.797641    0.806408  0.00309544
        1977    0.797226    0.806404  0.00309388
        1978     0.79682    0.806399  0.00309232
        1979    0.796421    0.806394  0.00309076
        1980    0.796032    0.806389   0.0030892
        1981    0.795652    0.806383  0.00308765
        1982    0.795278    0.806378   0.0030861
        1983    0.794912    0.806372  0.00308455
        1984    0.794553    0.806366    0.003083
        1985    0.794201     0.80636  0.00308145
        1986    0.793857    0.806354   0.0030799
        1987    0.793522    0.806347  0.00307836
        1988    0.793193     0.80634  0.00307682
        1989    0.792871    0.806334  0.00307528
        1990    0.792556    0.806327  0.00307374
        1991    0.792246     0.80632  0.00307221
        1992    0.791943    0.806312  0.00307067
        1993    0.791645    0.806305  0.00306914
        1994    0.791354    0.806298  0.00306761
        1995     0.79107     0.80629  0.00306608
        1996    0.790792    0.806282  0.00306456
        1997     0.79052    0.806274  0.00306303
        1998    0.790255    0.806266  0.00306151
        1999    0.789996    0.806258  0.00305999
        2000    0.789743     0.80625  0.00305847
