#     BLOCK:   ACTUAL_TE:    TE_AVE:      ERROR:
           1    -5.51024    -5.51024           0
           2     -5.5098    -5.51002 0.000154124
           3    -5.50937     -5.5098 0.000205274
           4    -5.50893    -5.50958 0.000243157
           5     -5.5085    -5.50937 0.000274796
           6    -5.50807    -5.50915 0.000302594
           7    -5.50764    -5.50893 0.000327705
           8    -5.50721    -5.50872 0.000350784
           9    -5.50646    -5.50847 0.000391721
          10    -5.50571    -5.50819 0.000439154
          11    -5.50399    -5.50781 0.000540418
          12     -5.5026    -5.50737 0.000646757
          13    -5.50153    -5.50693 0.000736826
          14    -5.49949    -5.50639 0.000854248
          15    -5.49778    -5.50582 0.000971273
          16    -5.49672    -5.50525  0.00106421
          17    -5.49372    -5.50457  0.00119856
          18    -5.49136    -5.50384   0.0013379
          19    -5.48901    -5.50306  0.00147764
          20    -5.48569    -5.50219  0.00163921
          21    -5.48302    -5.50128  0.00179751
          22    -5.48002    -5.50031  0.00195827
          23    -5.47671    -5.49928  0.00212508
          24    -5.47469    -5.49826  0.00227026
          25    -5.47331    -5.49726  0.00238872
          26    -5.47097    -5.49625  0.00250177
          27    -5.46701    -5.49517   0.0026331
          28    -5.46467    -5.49408  0.00275508
          29    -5.46266      -5.493  0.00286516
          30    -5.45904    -5.49186  0.00298491
          31    -5.45638    -5.49072  0.00310028
          32    -5.45503     -5.4896  0.00319774
          33      -5.454    -5.48852  0.00327783
          34    -5.45297    -5.48748  0.00334409
          35    -5.45065    -5.48643  0.00341009
          36    -5.44995    -5.48541   0.0034626
          37    -5.44797     -5.4844  0.00351382
          38    -5.44695    -5.48342  0.00355685
          39     -5.4453    -5.48244  0.00359741
          40    -5.44365    -5.48147  0.00363582
          41    -5.44266    -5.48052  0.00366831
          42    -5.44231    -5.47961  0.00369206
          43    -5.44036     -5.4787  0.00371736
          44    -5.43905     -5.4778  0.00374048
          45    -5.43776    -5.47691   0.0037617
          46    -5.43679    -5.47604  0.00377965
          47    -5.43616    -5.47519  0.00379325
          48    -5.43457    -5.47434  0.00380746
          49    -5.43298     -5.4735  0.00382219
          50    -5.43237    -5.47268  0.00383322
          51    -5.43177    -5.47187  0.00384104
          52    -5.43086    -5.47108   0.0038473
          53    -5.42899    -5.47029  0.00385582
          54    -5.42778     -5.4695  0.00386396
          55     -5.4269    -5.46873  0.00387059
          56    -5.42538    -5.46795   0.0038781
          57    -5.42388    -5.46718  0.00388639
          58    -5.42336    -5.46643  0.00389213
          59    -5.42318    -5.46569  0.00389458
          60    -5.42269    -5.46498  0.00389507
          61    -5.42253    -5.46428  0.00389287
          62    -5.42239     -5.4636  0.00388827
          63    -5.42194    -5.46294  0.00388238
          64    -5.42151     -5.4623  0.00387531
          65    -5.42142    -5.46167  0.00386638
          66    -5.42037    -5.46104  0.00385809
          67    -5.42031    -5.46043  0.00384809
          68    -5.41995    -5.45984  0.00383728
          69    -5.41863    -5.45924  0.00382785
          70    -5.41798    -5.45865  0.00381828
          71    -5.41767    -5.45807  0.00380788
          72    -5.41706     -5.4575  0.00379737
          73    -5.41646    -5.45694  0.00378675
          74    -5.41653     -5.4564  0.00377474
          75    -5.41662    -5.45587  0.00376148
          76    -5.41673    -5.45535  0.00374707
          77    -5.41621    -5.45484  0.00373272
          78    -5.41636    -5.45435  0.00371732
          79    -5.41621    -5.45387  0.00370148
          80     -5.4164     -5.4534  0.00368473
          81    -5.41628    -5.45294  0.00366762
          82    -5.41651     -5.4525   0.0036497
          83    -5.41676    -5.45207  0.00363104
          84    -5.41702    -5.45165   0.0036117
          85    -5.41698    -5.45124  0.00359216
          86    -5.41761    -5.45085  0.00357161
          87    -5.41793    -5.45047  0.00355054
          88    -5.41795     -5.4501  0.00352938
          89     -5.4183    -5.44974  0.00350776
          90    -5.41835    -5.44939  0.00348609
          91    -5.41808    -5.44905  0.00346472
          92    -5.41816    -5.44872  0.00344329
          93    -5.41858    -5.44839  0.00342148
          94      -5.419    -5.44808  0.00339933
          95    -5.41945    -5.44778  0.00337689
          96    -5.41925    -5.44748  0.00335476
          97    -5.41971    -5.44719  0.00333236
          98    -5.42019    -5.44692  0.00330973
          99    -5.42002    -5.44665  0.00328743
         100    -5.42019    -5.44638  0.00326519
         101    -5.42037    -5.44612    0.003243
         102    -5.42087    -5.44588  0.00322064
         103    -5.42138    -5.44564  0.00319814
         104    -5.42158    -5.44541  0.00317575
         105     -5.4221    -5.44519  0.00315325
         106     -5.4223    -5.44497  0.00313089
         107    -5.42282    -5.44476  0.00310846
         108    -5.42302    -5.44456  0.00308619
         109    -5.42355    -5.44437  0.00306389
         110    -5.42407    -5.44418  0.00304159
         111    -5.42492    -5.44401  0.00301914
         112    -5.42577    -5.44385  0.00299657
         113    -5.42661    -5.44369  0.00297393
         114     -5.4268    -5.44355  0.00295154
         115    -5.42698     -5.4434  0.00292938
         116    -5.42749    -5.44327  0.00290734
         117    -5.42831    -5.44314   0.0028853
         118    -5.42848    -5.44301  0.00286352
         119    -5.42864    -5.44289  0.00284201
         120    -5.42879    -5.44278  0.00282075
         121    -5.42958    -5.44267  0.00279955
         122    -5.42939    -5.44256  0.00277871
         123    -5.43016    -5.44246  0.00275795
         124     -5.4306    -5.44236  0.00273736
         125    -5.43136    -5.44227  0.00271688
         126    -5.43145    -5.44219  0.00269668
         127    -5.43185    -5.44211  0.00267667
         128    -5.43225    -5.44203  0.00265686
         129    -5.43263    -5.44196  0.00263727
         130    -5.43332    -5.44189  0.00261782
         131    -5.43336    -5.44182  0.00259864
         132    -5.43338    -5.44176  0.00257974
         133    -5.43404     -5.4417    0.002561
         134    -5.43468    -5.44165  0.00254243
         135    -5.43498     -5.4416  0.00252407
         136    -5.43528    -5.44155  0.00250594
         137    -5.43523    -5.44151  0.00248807
         138     -5.4355    -5.44146  0.00247043
         139    -5.43575    -5.44142  0.00245299
         140    -5.43599    -5.44138  0.00243578
         141    -5.43557    -5.44134  0.00241885
         142    -5.43579     -5.4413  0.00240214
         143    -5.43599    -5.44127  0.00238563
         144     -5.4365    -5.44123  0.00236929
         145    -5.43635     -5.4412  0.00235319
         146    -5.43651    -5.44117  0.00233729
         147    -5.43633    -5.44113  0.00232162
         148    -5.43615     -5.4411  0.00230618
         149    -5.43627    -5.44107  0.00229093
         150    -5.43606    -5.44104   0.0022759
         151    -5.43681    -5.44101    0.002261
         152    -5.43658    -5.44098  0.00224631
         153    -5.43665    -5.44095  0.00223181
         154    -5.43705    -5.44092  0.00221746
         155    -5.43807    -5.44091  0.00220323
         156    -5.43812    -5.44089  0.00218918
         157    -5.43816    -5.44087   0.0021753
         158    -5.43819    -5.44085   0.0021616
         159     -5.4382    -5.44084  0.00214807
         160    -5.43821    -5.44082  0.00213471
         161    -5.43756     -5.4408  0.00212155
         162    -5.43755    -5.44078  0.00210855
         163    -5.43657    -5.44075  0.00209577
         164    -5.43622    -5.44073  0.00208317
         165    -5.43587     -5.4407  0.00207075
         166    -5.43583    -5.44067  0.00205849
         167    -5.43546    -5.44064   0.0020464
         168    -5.43541    -5.44061  0.00203445
         169    -5.43535    -5.44057  0.00202265
         170    -5.43561    -5.44055  0.00201097
         171    -5.43554    -5.44052  0.00199942
         172    -5.43579    -5.44049  0.00198798
         173    -5.43539    -5.44046  0.00197671
         174    -5.43531    -5.44043  0.00196557
         175    -5.43522     -5.4404  0.00195456
         176    -5.43513    -5.44037  0.00194369
         177    -5.43504    -5.44034  0.00193294
         178    -5.43462    -5.44031  0.00192235
         179    -5.43452    -5.44028  0.00191188
         180    -5.43442    -5.44024  0.00190154
         181    -5.43432    -5.44021  0.00189131
         182    -5.43389    -5.44018  0.00188124
         183    -5.43411    -5.44014  0.00187125
         184      -5.434    -5.44011  0.00186138
         185    -5.43421    -5.44008  0.00185159
         186    -5.43411    -5.44005  0.00184192
         187    -5.43464    -5.44002  0.00183229
         188    -5.43453    -5.43999  0.00182278
         189    -5.43442    -5.43996  0.00181337
         190    -5.43432    -5.43993  0.00180407
         191    -5.43421     -5.4399  0.00179487
         192    -5.43377    -5.43987  0.00178581
         193    -5.43334    -5.43983  0.00177687
         194    -5.43324     -5.4398  0.00176804
         195    -5.43346    -5.43977  0.00175927
         196    -5.43303    -5.43973  0.00175063
         197    -5.43293     -5.4397  0.00174209
         198    -5.43218    -5.43966   0.0017337
         199    -5.43241    -5.43962  0.00172537
         200    -5.43231    -5.43959  0.00171713
         201     -5.4319    -5.43955  0.00170902
         202    -5.43181    -5.43951  0.00170098
         203    -5.43107    -5.43947  0.00169311
         204    -5.43098    -5.43943  0.00168532
         205     -5.4309    -5.43938  0.00167762
         206    -5.43114    -5.43934  0.00166995
         207    -5.43139    -5.43931  0.00166233
         208    -5.43131    -5.43927  0.00165478
         209    -5.43124    -5.43923  0.00164731
         210     -5.4315    -5.43919  0.00163987
         211    -5.43111    -5.43915  0.00163255
         212    -5.43169    -5.43912  0.00162523
         213    -5.43228    -5.43909  0.00161791
         214    -5.43222    -5.43905  0.00161067
         215    -5.43249    -5.43902  0.00160347
         216    -5.43212    -5.43899  0.00159636
         217    -5.43207    -5.43896  0.00158933
         218    -5.43235    -5.43893  0.00158232
         219    -5.43231     -5.4389  0.00157539
         220    -5.43227    -5.43887  0.00156851
         221    -5.43224    -5.43884   0.0015617
         222    -5.43221    -5.43881  0.00155495
         223    -5.43218    -5.43878  0.00154827
         224    -5.43215    -5.43875  0.00154164
         225    -5.43213    -5.43872  0.00153507
         226    -5.43178    -5.43869  0.00152858
         227    -5.43176    -5.43866  0.00152215
         228    -5.43207    -5.43863  0.00151575
         229    -5.43206     -5.4386   0.0015094
         230    -5.43205    -5.43857  0.00150311
         231    -5.43171    -5.43854   0.0014969
         232    -5.43236    -5.43852  0.00149068
         233    -5.43203    -5.43849  0.00148454
         234    -5.43235    -5.43846  0.00147843
         235    -5.43235    -5.43844  0.00147237
         236    -5.43268    -5.43841  0.00146633
         237    -5.43268    -5.43839  0.00146034
         238    -5.43301    -5.43837  0.00145438
         239    -5.43334    -5.43835  0.00144845
         240    -5.43368    -5.43833  0.00144255
         241    -5.43433    -5.43831  0.00143666
         242    -5.43402    -5.43829  0.00143083
         243    -5.43436    -5.43828  0.00142503
         244     -5.4347    -5.43826  0.00141927
         245    -5.43472    -5.43825  0.00141355
         246    -5.43506    -5.43823  0.00140786
         247    -5.43476    -5.43822  0.00140223
         248    -5.43478    -5.43821  0.00139664
         249    -5.43513    -5.43819  0.00139109
         250    -5.43516    -5.43818  0.00138558
         251    -5.43486    -5.43817  0.00138012
         252    -5.43488    -5.43815  0.00137471
         253    -5.43491    -5.43814  0.00136933
         254    -5.43526    -5.43813  0.00136399
         255    -5.43627    -5.43812  0.00135866
         256     -5.4363    -5.43812  0.00135337
         257    -5.43698    -5.43811  0.00134811
         258    -5.43636     -5.4381   0.0013429
         259    -5.43639     -5.4381  0.00133773
         260     -5.4361    -5.43809  0.00133261
         261    -5.43582    -5.43808  0.00132753
         262    -5.43618    -5.43807  0.00132249
         263    -5.43686    -5.43807  0.00131747
         264    -5.43722    -5.43807  0.00131248
         265    -5.43726    -5.43806  0.00130753
         266    -5.43762    -5.43806  0.00130262
         267    -5.43766    -5.43806  0.00129774
         268     -5.4377    -5.43806   0.0012929
         269    -5.43709    -5.43806   0.0012881
         270    -5.43713    -5.43805  0.00128333
         271    -5.43749    -5.43805   0.0012786
         272    -5.43753    -5.43805   0.0012739
         273    -5.43724    -5.43805  0.00126923
         274    -5.43728    -5.43804   0.0012646
         275    -5.43764    -5.43804  0.00126001
         276    -5.43768    -5.43804  0.00125544
         277    -5.43804    -5.43804  0.00125091
         278    -5.43808    -5.43804  0.00124641
         279    -5.43909    -5.43804  0.00124195
         280    -5.43912    -5.43805  0.00123752
         281    -5.43851    -5.43805  0.00123312
         282    -5.43855    -5.43805  0.00122874
         283    -5.43826    -5.43805   0.0012244
         284    -5.43829    -5.43805  0.00122009
         285    -5.43864    -5.43805  0.00121581
         286    -5.43835    -5.43806  0.00121156
         287    -5.43903    -5.43806  0.00120735
         288    -5.43906    -5.43806  0.00120316
         289    -5.43973    -5.43807  0.00119901
         290    -5.44073    -5.43808  0.00119491
         291    -5.44076    -5.43809  0.00119084
         292    -5.44078     -5.4381   0.0011868
         293    -5.44016     -5.4381  0.00118277
         294     -5.4405    -5.43811  0.00117877
         295    -5.43987    -5.43812  0.00117479
         296    -5.43989    -5.43812  0.00117084
         297    -5.43926    -5.43813   0.0011669
         298    -5.43927    -5.43813  0.00116299
         299    -5.43896    -5.43813  0.00115911
         300     -5.4393    -5.43814  0.00115525
         301    -5.43898    -5.43814  0.00115141
         302    -5.43867    -5.43814   0.0011476
         303    -5.43867    -5.43814  0.00114382
         304    -5.43835    -5.43814  0.00114005
         305    -5.43803    -5.43814  0.00113632
         306    -5.43803    -5.43814   0.0011326
         307    -5.43771    -5.43814  0.00112891
         308    -5.43771    -5.43814  0.00112525
         309     -5.4377    -5.43814  0.00112161
         310     -5.4377    -5.43814  0.00111799
         311    -5.43801    -5.43814   0.0011144
         312      -5.438    -5.43814  0.00111083
         313    -5.43832    -5.43814  0.00110728
         314    -5.43798    -5.43814  0.00110375
         315    -5.43732    -5.43813  0.00110025
         316    -5.43731    -5.43813  0.00109677
         317    -5.43664    -5.43813  0.00109332
         318    -5.43695    -5.43812  0.00108989
         319    -5.43628    -5.43812  0.00108649
         320    -5.43626    -5.43811  0.00108311
         321    -5.43624    -5.43811  0.00107975
         322    -5.43621     -5.4381  0.00107641
         323    -5.43651     -5.4381  0.00107309
         324    -5.43616    -5.43809   0.0010698
         325    -5.43613    -5.43808  0.00106652
         326    -5.43642    -5.43808  0.00106326
         327    -5.43672    -5.43807  0.00106002
         328    -5.43701    -5.43807  0.00105679
         329    -5.43729    -5.43807  0.00105358
         330    -5.43693    -5.43806   0.0010504
         331    -5.43657    -5.43806  0.00104723
         332    -5.43653    -5.43806  0.00104409
         333    -5.43649    -5.43805  0.00104096
         334    -5.43613    -5.43805  0.00103786
         335    -5.43512    -5.43804   0.0010348
         336    -5.43475    -5.43803  0.00103177
         337    -5.43503    -5.43802  0.00102874
         338    -5.43466    -5.43801  0.00102575
         339    -5.43461      -5.438  0.00102277
         340    -5.43456    -5.43799  0.00101981
         341    -5.43419    -5.43798  0.00101688
         342    -5.43317    -5.43796  0.00101401
         343    -5.43247    -5.43795  0.00101118
         344    -5.43275    -5.43793  0.00100835
         345    -5.43302    -5.43792  0.00100553
         346    -5.43264     -5.4379  0.00100274
         347    -5.43291    -5.43789 0.000999951
         348    -5.43254    -5.43787 0.000997196
         349    -5.43151    -5.43785 0.000994505
         350    -5.43081    -5.43783 0.000991867
         351    -5.43108    -5.43781 0.000989228
         352    -5.43135     -5.4378 0.000986588
         353    -5.43097    -5.43778 0.000983983
         354    -5.43156    -5.43776  0.00098136
         355     -5.4315    -5.43774 0.000978754
         356     -5.4321    -5.43773 0.000976133
         357    -5.43236    -5.43771 0.000973514
         358    -5.43328     -5.4377 0.000970874
         359    -5.43355    -5.43769 0.000968238
         360    -5.43252    -5.43767 0.000965655
         361    -5.43279    -5.43766 0.000963075
         362    -5.43273    -5.43765 0.000960511
         363    -5.43267    -5.43763 0.000957962
         364    -5.43294    -5.43762 0.000955417
         365    -5.43289    -5.43761 0.000952887
         366    -5.43283    -5.43759 0.000950373
         367    -5.43278    -5.43758 0.000947874
         368    -5.43337    -5.43757 0.000945367
         369      -5.433    -5.43756 0.000942887
         370     -5.4323    -5.43754 0.000940445
         371    -5.43192    -5.43753 0.000938032
         372    -5.43155    -5.43751 0.000935649
         373    -5.43182     -5.4375 0.000933265
         374    -5.43209    -5.43748 0.000930881
         375    -5.43205    -5.43747 0.000928511
         376      -5.432    -5.43745 0.000926156
         377     -5.4313    -5.43744 0.000923843
         378    -5.43158    -5.43742 0.000921529
         379    -5.43186    -5.43741 0.000919214
         380    -5.43214    -5.43739   0.0009169
         381    -5.43177    -5.43738 0.000914612
         382    -5.43172    -5.43736 0.000912337
         383    -5.43071    -5.43734 0.000910121
         384    -5.42969    -5.43732 0.000907969
         385    -5.42998    -5.43731 0.000905811
         386    -5.42994    -5.43729 0.000903665
         387     -5.4299    -5.43727 0.000901532
         388    -5.42953    -5.43725 0.000899429
         389    -5.42949    -5.43723 0.000897338
         390    -5.42913    -5.43721 0.000895277
         391    -5.42877    -5.43719 0.000893248
         392    -5.42873    -5.43716  0.00089123
         393    -5.42869    -5.43714 0.000889222
         394    -5.42833    -5.43712 0.000887247
         395    -5.42797     -5.4371 0.000885303
         396    -5.42761    -5.43707 0.000883391
         397    -5.42823    -5.43705 0.000881446
         398    -5.42787    -5.43703 0.000879533
         399    -5.42719      -5.437 0.000877675
         400    -5.42813    -5.43698 0.000875761
         401     -5.4281    -5.43696 0.000873857
         402    -5.42807    -5.43694 0.000871963
         403    -5.42836    -5.43691 0.000870059
         404    -5.42865    -5.43689 0.000868145
         405    -5.42895    -5.43687 0.000866224
         406    -5.42892    -5.43686 0.000864312
         407    -5.42857    -5.43683 0.000862428
         408    -5.42854    -5.43681 0.000860554
         409    -5.42916     -5.4368 0.000858653
         410    -5.42946    -5.43678 0.000856745
         411    -5.42976    -5.43676 0.000854831
         412    -5.43038    -5.43675 0.000852896
         413    -5.43036    -5.43673 0.000850971
         414    -5.43001    -5.43671 0.000849071
         415    -5.42999     -5.4367 0.000847179
         416    -5.43029    -5.43668 0.000845283
         417    -5.42962    -5.43666 0.000843426
         418    -5.42992    -5.43665 0.000841562
         419    -5.42893    -5.43663 0.000839755
         420    -5.42956    -5.43661 0.000837925
         421    -5.43018     -5.4366 0.000836074
         422    -5.43081    -5.43658 0.000834205
         423    -5.43079    -5.43657 0.000832345
         424    -5.43077    -5.43656 0.000830494
         425    -5.43043    -5.43654 0.000828665
         426    -5.43009    -5.43653 0.000826859
         427     -5.4304    -5.43651 0.000825047
         428    -5.43038     -5.4365 0.000823243
         429     -5.4307    -5.43649 0.000821435
         430    -5.43068    -5.43647 0.000819636
         431    -5.43067    -5.43646 0.000817845
         432    -5.43065    -5.43645 0.000816062
         433    -5.43064    -5.43643 0.000814287
         434    -5.43063    -5.43642 0.000812521
         435    -5.43062     -5.4364 0.000810762
         436    -5.42996    -5.43639 0.000809037
         437    -5.43028    -5.43638 0.000807307
         438    -5.43092    -5.43636  0.00080556
         439    -5.43059    -5.43635 0.000803832
         440    -5.43091    -5.43634   0.0008021
         441    -5.43123    -5.43633 0.000800365
         442    -5.43123    -5.43632 0.000798637
         443    -5.43123     -5.4363 0.000796917
         444     -5.4309    -5.43629 0.000795215
         445    -5.43091    -5.43628  0.00079352
         446    -5.43058    -5.43627 0.000791844
         447    -5.43026    -5.43625 0.000790186
         448    -5.43059    -5.43624 0.000788523
         449    -5.43092    -5.43623 0.000786856
         450    -5.43061    -5.43622 0.000785206
         451    -5.43159    -5.43621 0.000783532
         452     -5.4316     -5.4362 0.000781865
         453    -5.43193    -5.43619 0.000780196
         454     -5.4313    -5.43618 0.000778552
         455    -5.43196    -5.43617 0.000776896
         456    -5.43165    -5.43616 0.000775255
         457    -5.43199    -5.43615 0.000773612
         458    -5.43233    -5.43614 0.000771968
         459    -5.43171    -5.43613 0.000770346
         460    -5.43238    -5.43612 0.000768715
         461    -5.43175    -5.43611 0.000767106
         462    -5.43178     -5.4361 0.000765503
         463    -5.43213    -5.43609 0.000763897
         464    -5.43215    -5.43609 0.000762298
         465    -5.43186    -5.43608 0.000760713
         466    -5.43156    -5.43607 0.000759142
         467    -5.43159    -5.43606 0.000757577
         468    -5.43195    -5.43605 0.000756009
         469    -5.43263    -5.43604 0.000754433
         470    -5.43299    -5.43603 0.000752855
         471    -5.43367    -5.43603 0.000751274
         472    -5.43403    -5.43603 0.000749694
         473    -5.43407    -5.43602  0.00074812
         474    -5.43475    -5.43602 0.000746547
         475    -5.43382    -5.43601 0.000744989
         476    -5.43354    -5.43601 0.000743442
         477    -5.43325      -5.436 0.000741906
         478    -5.43232      -5.436 0.000740394
         479    -5.43237    -5.43599 0.000738887
         480    -5.43209    -5.43598 0.000737393
         481    -5.43278    -5.43597  0.00073589
         482    -5.43218    -5.43596 0.000734405
         483    -5.43255    -5.43596 0.000732918
         484    -5.43259    -5.43595 0.000731437
         485    -5.43232    -5.43594 0.000729967
         486    -5.43236    -5.43594 0.000728503
         487    -5.43241    -5.43593 0.000727043
         488    -5.43278    -5.43592 0.000725582
         489    -5.43315    -5.43592  0.00072412
         490    -5.43352    -5.43591 0.000722659
         491    -5.43389    -5.43591 0.000721198
         492    -5.43362     -5.4359 0.000719748
         493    -5.43367     -5.4359 0.000718302
         494    -5.43339    -5.43589 0.000716866
         495    -5.43377    -5.43589  0.00071543
         496    -5.43414    -5.43589 0.000713997
         497    -5.43452    -5.43588 0.000712565
         498    -5.43457    -5.43588 0.000711139
         499     -5.4343    -5.43588 0.000709721
         500    -5.43402    -5.43587 0.000708312
         501     -5.4344    -5.43587 0.000706904
         502     -5.4351    -5.43587 0.000705497
         503     -5.4345    -5.43587   0.0007041
         504     -5.4352    -5.43586 0.000702704
         505    -5.43558    -5.43586 0.000701313
         506    -5.43596    -5.43586 0.000699927
         507    -5.43601    -5.43586 0.000698547
         508    -5.43541    -5.43586 0.000697172
         509    -5.43514    -5.43586 0.000695804
         510    -5.43487    -5.43586 0.000694442
         511    -5.43428    -5.43586  0.00069309
         512    -5.43531    -5.43586 0.000691737
         513    -5.43601    -5.43586 0.000690389
         514    -5.43606    -5.43586 0.000689046
         515    -5.43547    -5.43586 0.000687708
         516     -5.4352    -5.43585 0.000686377
         517    -5.43526    -5.43585  0.00068505
         518    -5.43466    -5.43585 0.000683731
         519    -5.43439    -5.43585  0.00068242
         520    -5.43477    -5.43585 0.000681111
         521    -5.43482    -5.43584 0.000679806
         522    -5.43455    -5.43584 0.000678508
         523    -5.43428    -5.43584 0.000677217
         524    -5.43401    -5.43584 0.000675934
         525    -5.43439    -5.43583 0.000674652
         526    -5.43444    -5.43583 0.000673375
         527    -5.43513    -5.43583 0.000672098
         528    -5.43486    -5.43583 0.000670828
         529    -5.43459    -5.43582 0.000669564
         530    -5.43431    -5.43582 0.000668307
         531    -5.43404    -5.43582 0.000667057
         532    -5.43376    -5.43581 0.000665814
         533     -5.4338    -5.43581 0.000664575
         534    -5.43417    -5.43581 0.000663338
         535    -5.43389     -5.4358 0.000662108
         536    -5.43425     -5.4358 0.000660879
         537    -5.43462     -5.4358 0.000659652
         538    -5.43433     -5.4358 0.000658431
         539    -5.43436    -5.43579 0.000657215
         540     -5.4344    -5.43579 0.000656003
         541     -5.4341    -5.43579 0.000654798
         542    -5.43413    -5.43578 0.000653597
         543    -5.43513    -5.43578 0.000652395
         544    -5.43515    -5.43578 0.000651196
         545    -5.43453    -5.43578 0.000650006
         546     -5.4339    -5.43578 0.000648824
         547    -5.43424    -5.43577 0.000647644
         548    -5.43458    -5.43577 0.000646466
         549    -5.43427    -5.43577 0.000645294
         550    -5.43427    -5.43577 0.000644127
         551     -5.4346    -5.43576 0.000642961
         552    -5.43525    -5.43576 0.000641797
         553    -5.43525    -5.43576 0.000640637
         554    -5.43525    -5.43576 0.000639481
         555    -5.43492    -5.43576 0.000638331
         556    -5.43491    -5.43576 0.000637185
         557    -5.43523    -5.43576 0.000636041
         558    -5.43619    -5.43576 0.000634902
         559    -5.43552    -5.43576 0.000633766
         560     -5.4355    -5.43576 0.000632635
         561    -5.43548    -5.43576 0.000631507
         562    -5.43578    -5.43576 0.000630384
         563    -5.43576    -5.43576 0.000629264
         564     -5.4354    -5.43576 0.000628149
         565    -5.43537    -5.43576 0.000627037
         566    -5.43631    -5.43576  0.00062593
         567    -5.43628    -5.43576 0.000624827
         568    -5.43624    -5.43576 0.000623727
         569     -5.4362    -5.43576 0.000622632
         570    -5.43584    -5.43576 0.000621539
         571    -5.43547    -5.43576 0.000620451
         572    -5.43543    -5.43576 0.000619367
         573    -5.43474    -5.43576 0.000618288
         574    -5.43502    -5.43576 0.000617212
         575    -5.43465    -5.43575 0.000616142
         576    -5.43428    -5.43575 0.000615078
         577    -5.43391    -5.43575  0.00061402
         578    -5.43386    -5.43574 0.000612966
         579    -5.43414    -5.43574 0.000611914
         580    -5.43441    -5.43574 0.000610863
         581    -5.43436    -5.43574 0.000609816
         582    -5.43432    -5.43573 0.000608773
         583    -5.43524    -5.43573  0.00060773
         584    -5.43552    -5.43573 0.000606689
         585    -5.43547    -5.43573 0.000605652
         586    -5.43543    -5.43573 0.000604619
         587    -5.43506    -5.43573  0.00060359
         588    -5.43469    -5.43573 0.000602566
         589    -5.43464    -5.43573 0.000601546
         590     -5.4346    -5.43573  0.00060053
         591    -5.43424    -5.43572 0.000599519
         592     -5.4342    -5.43572 0.000598512
         593    -5.43383    -5.43572 0.000597511
         594     -5.4338    -5.43571 0.000596514
         595    -5.43311    -5.43571 0.000595527
         596    -5.43308    -5.43571 0.000594544
         597    -5.43272     -5.4357 0.000593569
         598    -5.43269     -5.4357 0.000592598
         599    -5.43363    -5.43569 0.000591619
         600    -5.43393    -5.43569  0.00059064
         601    -5.43358    -5.43569 0.000589668
         602    -5.43291    -5.43568 0.000588706
         603    -5.43224    -5.43567 0.000587758
         604    -5.43189    -5.43567 0.000586818
         605    -5.43123    -5.43566 0.000585894
         606    -5.43154    -5.43565 0.000584966
         607    -5.43217    -5.43565 0.000584031
         608     -5.4328    -5.43564 0.000583089
         609    -5.43247    -5.43564 0.000582155
         610    -5.43278    -5.43563  0.00058122
         611    -5.43277    -5.43563 0.000580287
         612    -5.43276    -5.43562 0.000579358
         613     -5.4321    -5.43562 0.000578441
         614     -5.4321    -5.43561 0.000577528
         615    -5.43274    -5.43561 0.000576607
         616    -5.43242     -5.4356 0.000575695
         617    -5.43242     -5.4356 0.000574785
         618    -5.43241    -5.43559 0.000573878
         619    -5.43242    -5.43559 0.000572974
         620    -5.43274    -5.43558 0.000572068
         621    -5.43274    -5.43558 0.000571165
         622    -5.43307    -5.43557 0.000570261
         623    -5.43308    -5.43557  0.00056936
         624    -5.43276    -5.43557 0.000568465
         625    -5.43309    -5.43556 0.000567569
         626    -5.43278    -5.43556  0.00056668
         627    -5.43311    -5.43555  0.00056579
         628     -5.4328    -5.43555 0.000564906
         629    -5.43346    -5.43555 0.000564018
         630    -5.43314    -5.43554 0.000563135
         631    -5.43316    -5.43554 0.000562255
         632    -5.43349    -5.43554 0.000561375
         633    -5.43351    -5.43553 0.000560497
         634    -5.43449    -5.43553 0.000559616
         635    -5.43483    -5.43553 0.000558735
         636     -5.4342    -5.43553 0.000557861
         637    -5.43389    -5.43552 0.000556991
         638    -5.43391    -5.43552 0.000556124
         639    -5.43393    -5.43552 0.000555259
         640    -5.43394    -5.43552 0.000554397
         641    -5.43364    -5.43551  0.00055354
         642    -5.43366    -5.43551 0.000552685
         643    -5.43335    -5.43551 0.000551836
         644    -5.43401    -5.43551 0.000550984
         645    -5.43436     -5.4355 0.000550132
         646     -5.4347     -5.4355 0.000549282
         647    -5.43439     -5.4355 0.000548436
         648    -5.43441     -5.4355 0.000547592
         649    -5.43443     -5.4355 0.000546751
         650     -5.4338     -5.4355 0.000545916
         651    -5.43414    -5.43549 0.000545081
         652    -5.43415    -5.43549 0.000544249
         653    -5.43416    -5.43549  0.00054342
         654    -5.43515    -5.43549 0.000542589
         655    -5.43516    -5.43549 0.000541761
         656     -5.4355    -5.43549 0.000540935
         657    -5.43519    -5.43549 0.000540112
         658     -5.4352    -5.43549 0.000539291
         659    -5.43553    -5.43549 0.000538473
         660    -5.43587    -5.43549 0.000537657
         661    -5.43588    -5.43549 0.000536844
         662    -5.43556    -5.43549 0.000536033
         663    -5.43524    -5.43549 0.000535225
         664    -5.43557    -5.43549 0.000534419
         665    -5.43557    -5.43549 0.000533615
         666    -5.43525    -5.43549 0.000532814
         667    -5.43492    -5.43549 0.000532016
         668    -5.43557    -5.43549  0.00053122
         669    -5.43556    -5.43549 0.000530426
         670    -5.43556    -5.43549 0.000529634
         671    -5.43555    -5.43549 0.000528845
         672    -5.43652    -5.43549  0.00052806
         673    -5.43683    -5.43549 0.000527279
         674    -5.43649    -5.43549 0.000526499
         675     -5.4368    -5.43549 0.000525722
         676    -5.43809     -5.4355 0.000524959
         677    -5.43742     -5.4355 0.000524191
         678    -5.43773     -5.4355 0.000523428
         679    -5.43771    -5.43551 0.000522667
         680    -5.43769    -5.43551 0.000521908
         681    -5.43799    -5.43551 0.000521155
         682    -5.43764    -5.43552   0.0005204
         683    -5.43762    -5.43552 0.000519647
         684    -5.43759    -5.43552 0.000518896
         685    -5.43757    -5.43553 0.000518147
         686    -5.43786    -5.43553 0.000517403
         687    -5.43718    -5.43553 0.000516656
         688    -5.43683    -5.43553 0.000515908
         689    -5.43712    -5.43554 0.000515164
         690    -5.43676    -5.43554 0.000514421
         691    -5.43673    -5.43554 0.000513679
         692    -5.43637    -5.43554 0.000512938
         693    -5.43472    -5.43554   0.0005122
         694    -5.43533    -5.43554 0.000511462
         695    -5.43529    -5.43554 0.000510726
         696    -5.43558    -5.43554 0.000509992
         697    -5.43522    -5.43554 0.000509261
         698    -5.43551    -5.43554 0.000508531
         699    -5.43547    -5.43554 0.000507803
         700     -5.4351    -5.43554 0.000507078
         701    -5.43474    -5.43554 0.000506356
         702     -5.4347    -5.43554 0.000505636
         703     -5.4353    -5.43554 0.000504917
         704    -5.43526    -5.43554   0.0005042
         705    -5.43522    -5.43553 0.000503485
         706    -5.43486    -5.43553 0.000502773
         707    -5.43417    -5.43553 0.000502066
         708    -5.43413    -5.43553  0.00050136
         709    -5.43409    -5.43553 0.000500657
         710    -5.43405    -5.43553 0.000499957
         711    -5.43401    -5.43552 0.000499258
         712    -5.43429    -5.43552  0.00049856
         713    -5.43425    -5.43552 0.000497864
         714    -5.43356    -5.43552 0.000497174
         715    -5.43385    -5.43552 0.000496484
         716    -5.43349    -5.43551 0.000495799
         717    -5.43312    -5.43551 0.000495118
         718    -5.43406    -5.43551 0.000494433
         719    -5.43402     -5.4355  0.00049375
         720    -5.43431     -5.4355 0.000493067
         721    -5.43362     -5.4355  0.00049239
         722    -5.43391     -5.4355 0.000491713
         723    -5.43388     -5.4355 0.000491038
         724    -5.43416    -5.43549 0.000490363
         725    -5.43316    -5.43549 0.000489697
         726    -5.43248    -5.43549  0.00048904
         727    -5.43245    -5.43548 0.000488385
         728    -5.43242    -5.43548 0.000487733
         729    -5.43174    -5.43547 0.000487091
         730    -5.43138    -5.43547 0.000486456
         731    -5.43135    -5.43546 0.000485823
         732      -5.431    -5.43546 0.000485197
         733    -5.43097    -5.43545 0.000484574
         734    -5.43094    -5.43544 0.000483953
         735    -5.43156    -5.43544 0.000483323
         736    -5.43121    -5.43543   0.0004827
         737    -5.43022    -5.43543 0.000482097
         738    -5.43019    -5.43542 0.000481496
         739    -5.42985    -5.43541 0.000480904
         740    -5.43015     -5.4354 0.000480306
         741    -5.43045     -5.4354 0.000479705
         742    -5.43043    -5.43539 0.000479105
         743    -5.43041    -5.43538 0.000478507
         744    -5.43039    -5.43538 0.000477911
         745    -5.43037    -5.43537 0.000477317
         746    -5.43036    -5.43536 0.000476724
         747    -5.43067    -5.43536 0.000476127
         748    -5.43065    -5.43535 0.000475532
         749    -5.43032    -5.43534 0.000474945
         750    -5.43096    -5.43534 0.000474348
         751    -5.43225    -5.43533 0.000473734
         752    -5.43289    -5.43533 0.000473115
         753    -5.43321    -5.43533 0.000472495
         754    -5.43288    -5.43533  0.00047188
         755     -5.4332    -5.43532 0.000471263
         756     -5.4332    -5.43532 0.000470648
         757    -5.43288    -5.43532 0.000470037
         758    -5.43288    -5.43531 0.000469428
         759    -5.43224    -5.43531 0.000468827
         760    -5.43257    -5.43531 0.000468224
         761    -5.43258     -5.4353 0.000467623
         762    -5.43292     -5.4353 0.000467019
         763    -5.43261     -5.4353 0.000466421
         764    -5.43197    -5.43529  0.00046583
         765    -5.43199    -5.43529 0.000465241
         766    -5.43233    -5.43528  0.00046465
         767    -5.43268    -5.43528 0.000464057
         768     -5.4327    -5.43528 0.000463465
         769    -5.43305    -5.43527 0.000462871
         770     -5.4334    -5.43527 0.000462276
         771    -5.43375    -5.43527 0.000461681
         772    -5.43346    -5.43527 0.000461089
         773    -5.43316    -5.43526   0.0004605
         774    -5.43288    -5.43526 0.000459916
         775    -5.43324    -5.43526  0.00045933
         776    -5.43295    -5.43525 0.000458747
         777    -5.43298    -5.43525 0.000458166
         778     -5.4327    -5.43525 0.000457589
         779    -5.43274    -5.43525 0.000457013
         780    -5.43278    -5.43524 0.000456438
         781     -5.4325    -5.43524 0.000455867
         782    -5.43254    -5.43524 0.000455297
         783    -5.43193    -5.43523 0.000454735
         784     -5.4323    -5.43523 0.000454171
         785     -5.4317    -5.43522 0.000453614
         786    -5.43304    -5.43522 0.000453046
         787    -5.43341    -5.43522 0.000452476
         788    -5.43377    -5.43522 0.000451906
         789    -5.43414    -5.43521 0.000451335
         790    -5.43548    -5.43522 0.000450764
         791     -5.4352    -5.43522 0.000450194
         792    -5.43589    -5.43522 0.000449626
         793    -5.43626    -5.43522 0.000449061
         794    -5.43598    -5.43522 0.000448497
         795    -5.43732    -5.43522  0.00044794
         796    -5.43736    -5.43522 0.000447386
         797    -5.43773    -5.43523 0.000446835
         798    -5.43712    -5.43523 0.000446282
         799    -5.43684    -5.43523 0.000445728
         800    -5.43623    -5.43523 0.000445172
         801    -5.43627    -5.43523 0.000444618
         802    -5.43663    -5.43524 0.000444067
         803    -5.43667    -5.43524 0.000443518
         804    -5.43606    -5.43524 0.000442968
         805    -5.43609    -5.43524 0.000442419
         806    -5.43645    -5.43524 0.000441872
         807    -5.43616    -5.43524 0.000441326
         808    -5.43587    -5.43524 0.000440781
         809     -5.4359    -5.43524 0.000440236
         810    -5.43593    -5.43524 0.000439694
         811    -5.43596    -5.43525 0.000439152
         812    -5.43566    -5.43525 0.000438612
         813    -5.43569    -5.43525 0.000438073
         814    -5.43604    -5.43525 0.000437536
         815    -5.43607    -5.43525    0.000437
         816    -5.43545    -5.43525 0.000436465
         817    -5.43547    -5.43525  0.00043593
         818     -5.4355    -5.43525 0.000435398
         819    -5.43552    -5.43525 0.000434866
         820    -5.43619    -5.43525 0.000434337
         821    -5.43589    -5.43525 0.000433809
         822    -5.43624    -5.43525 0.000433283
         823    -5.43626    -5.43525 0.000432758
         824    -5.43628    -5.43525 0.000432235
         825     -5.4363    -5.43526 0.000431713
         826    -5.43665    -5.43526 0.000431193
         827    -5.43667    -5.43526 0.000430675
         828    -5.43636    -5.43526 0.000430157
         829    -5.43606    -5.43526 0.000429639
         830    -5.43575    -5.43526 0.000429122
         831    -5.43642    -5.43526 0.000428608
         832    -5.43644    -5.43527 0.000428095
         833    -5.43613    -5.43527 0.000427583
         834    -5.43582    -5.43527  0.00042707
         835    -5.43584    -5.43527 0.000426559
         836    -5.43585    -5.43527  0.00042605
         837    -5.43522    -5.43527 0.000425541
         838    -5.43588    -5.43527 0.000425034
         839    -5.43654    -5.43527  0.00042453
         840    -5.43752    -5.43527 0.000424033
         841    -5.43688    -5.43528 0.000423533
         842    -5.43657    -5.43528 0.000423033
         843     -5.4369    -5.43528 0.000422535
         844    -5.43658    -5.43528 0.000422037
         845    -5.43659    -5.43528 0.000421541
         846    -5.43627    -5.43528 0.000421044
         847    -5.43627    -5.43528 0.000420549
         848    -5.43724    -5.43529 0.000420059
         849    -5.43692    -5.43529 0.000419569
         850    -5.43756    -5.43529 0.000419084
         851    -5.43756    -5.43529   0.0004186
         852    -5.43723     -5.4353 0.000418115
         853    -5.43625     -5.4353 0.000417626
         854    -5.43495     -5.4353 0.000417137
         855    -5.43494     -5.4353 0.000416649
         856    -5.43526     -5.4353 0.000416163
         857    -5.43621     -5.4353 0.000415678
         858    -5.43588     -5.4353 0.000415194
         859    -5.43586     -5.4353 0.000414712
         860    -5.43551     -5.4353 0.000414229
         861    -5.43517     -5.4353 0.000413748
         862    -5.43547     -5.4353 0.000413268
         863     -5.4348     -5.4353  0.00041279
         864     -5.4338     -5.4353 0.000412316
         865    -5.43377    -5.43529 0.000411843
         866    -5.43439    -5.43529 0.000411369
         867    -5.43371    -5.43529 0.000410898
         868    -5.43335    -5.43529 0.000410431
         869    -5.43298    -5.43529 0.000409967
         870    -5.43327    -5.43528 0.000409503
         871    -5.43323    -5.43528 0.000409039
         872    -5.43416    -5.43528 0.000408572
         873    -5.43444    -5.43528 0.000408105
         874    -5.43471    -5.43528 0.000407639
         875    -5.43467    -5.43528 0.000407174
         876    -5.43494    -5.43528 0.000406709
         877    -5.43489    -5.43528 0.000406246
         878    -5.43483    -5.43528 0.000405783
         879    -5.43478    -5.43528 0.000405322
         880     -5.4344    -5.43528 0.000404863
         881    -5.43466    -5.43528 0.000404404
         882     -5.4346    -5.43527 0.000403946
         883     -5.4339    -5.43527 0.000403491
         884    -5.43416    -5.43527 0.000403037
         885     -5.4341    -5.43527 0.000402584
         886    -5.43339    -5.43527 0.000402135
         887    -5.43333    -5.43527 0.000401687
         888    -5.43327    -5.43526 0.000401241
         889    -5.43321    -5.43526 0.000400797
         890    -5.43283    -5.43526 0.000400356
         891    -5.43212    -5.43526 0.000399922
         892    -5.43173    -5.43525 0.000399493
         893    -5.43167    -5.43525 0.000399066
         894    -5.43193    -5.43524 0.000398637
         895    -5.43187    -5.43524 0.000398209
         896    -5.43149    -5.43524 0.000397786
         897    -5.43208    -5.43523 0.000397359
         898    -5.43235    -5.43523 0.000396929
         899    -5.43294    -5.43523 0.000396496
         900    -5.43289    -5.43522 0.000396064
         901     -5.4322    -5.43522 0.000395638
         902    -5.43215    -5.43522 0.000395214
         903    -5.43275    -5.43521 0.000394786
         904    -5.43238    -5.43521 0.000394362
         905    -5.43169    -5.43521 0.000393945
         906    -5.43101     -5.4352 0.000393538
         907    -5.43065     -5.4352 0.000393136
         908    -5.43061    -5.43519 0.000392735
         909    -5.43026    -5.43519 0.000392341
         910    -5.43153    -5.43518  0.00039193
         911    -5.43151    -5.43518 0.000391521
         912    -5.43181    -5.43518 0.000391109
         913    -5.43179    -5.43517 0.000390698
         914    -5.43113    -5.43517 0.000390295
         915    -5.43047    -5.43516 0.000389903
         916    -5.42982    -5.43516 0.000389521
         917    -5.42949    -5.43515 0.000389145
         918    -5.42981    -5.43514 0.000388765
         919    -5.42949    -5.43514  0.00038839
         920    -5.42917    -5.43513 0.000388022
         921    -5.42886    -5.43512 0.000387661
         922     -5.4292    -5.43512 0.000387293
         923    -5.42954    -5.43511 0.000386921
         924    -5.42989    -5.43511 0.000386543
         925    -5.42894     -5.4351 0.000386183
         926    -5.42865    -5.43509 0.000385829
         927    -5.42836    -5.43509 0.000385481
         928    -5.42839    -5.43508 0.000385133
         929    -5.42811    -5.43507 0.000384792
         930    -5.42815    -5.43506  0.00038445
         931    -5.42819    -5.43506 0.000384108
         932    -5.42792    -5.43505 0.000383772
         933      -5.427    -5.43504 0.000383458
         934     -5.4264    -5.43503 0.000383158
         935    -5.42581    -5.43502 0.000382876
         936    -5.42587    -5.43501 0.000382591
         937    -5.42625      -5.435 0.000382297
         938    -5.42664    -5.43499 0.000381994
         939    -5.42735    -5.43498 0.000381673
         940    -5.42774    -5.43498 0.000381345
         941    -5.42748    -5.43497 0.000381023
         942    -5.42787    -5.43496 0.000380693
         943    -5.42826    -5.43495 0.000380356
         944    -5.42898    -5.43495 0.000380006
         945    -5.42937    -5.43494 0.000379649
         946    -5.42945    -5.43494 0.000379292
         947    -5.43049    -5.43493 0.000378921
         948    -5.42959    -5.43493 0.000378563
         949    -5.42998    -5.43492   0.0003782
         950    -5.42973    -5.43492 0.000377841
         951    -5.43045    -5.43491 0.000377473
         952    -5.43051    -5.43491 0.000377105
         953    -5.43058     -5.4349 0.000376737
         954    -5.43032     -5.4349 0.000376372
         955    -5.43104    -5.43489    0.000376
         956     -5.4311    -5.43489 0.000375627
         957    -5.43116    -5.43488 0.000375255
         958    -5.43122    -5.43488 0.000374883
         959    -5.43192    -5.43488 0.000374505
         960     -5.4323    -5.43488 0.000374124
         961    -5.43235    -5.43487 0.000373744
         962    -5.43208    -5.43487 0.000373367
         963    -5.43212    -5.43487  0.00037299
         964    -5.43282    -5.43486 0.000372609
         965    -5.43253    -5.43486 0.000372231
         966    -5.43257    -5.43486 0.000371853
         967     -5.4326    -5.43486 0.000371476
         968    -5.43199    -5.43485 0.000371104
         969    -5.43202    -5.43485 0.000370733
         970    -5.43236    -5.43485 0.000370359
         971    -5.43238    -5.43485 0.000369987
         972    -5.43208    -5.43484 0.000369617
         973    -5.43274    -5.43484 0.000369243
         974    -5.43275    -5.43484 0.000368871
         975    -5.43275    -5.43484 0.000368499
         976    -5.43243    -5.43483 0.000368129
         977     -5.4321    -5.43483 0.000367763
         978    -5.43242    -5.43483 0.000367395
         979    -5.43208    -5.43483 0.000367031
         980    -5.43174    -5.43482  0.00036667
         981    -5.43205    -5.43482 0.000366307
         982    -5.43138    -5.43482 0.000365951
         983     -5.4307    -5.43481 0.000365602
         984    -5.43067    -5.43481 0.000365255
         985    -5.43064     -5.4348 0.000364909
         986    -5.42995     -5.4348 0.000364572
         987    -5.42959    -5.43479 0.000364241
         988    -5.42987    -5.43479 0.000363906
         989    -5.43014    -5.43478 0.000363569
         990    -5.43073    -5.43478 0.000363224
         991    -5.43068    -5.43478 0.000362881
         992    -5.43095    -5.43477 0.000362536
         993    -5.43153    -5.43477 0.000362186
         994    -5.43212    -5.43477 0.000361831
         995    -5.43205    -5.43476 0.000361478
         996    -5.43198    -5.43476 0.000361126
         997    -5.43191    -5.43476 0.000360775
         998    -5.43216    -5.43476 0.000360423
         999    -5.43273    -5.43475 0.000360068
        1000    -5.43298    -5.43475 0.000359712
        1001     -5.4329    -5.43475 0.000359357
        1002    -5.43217    -5.43475 0.000359008
        1003    -5.43177    -5.43474 0.000358662
        1004    -5.43201    -5.43474 0.000358315
        1005    -5.43193    -5.43474  0.00035797
        1006    -5.43185    -5.43474 0.000357625
        1007    -5.43112    -5.43473 0.000357288
        1008    -5.43039    -5.43473  0.00035696
        1009    -5.43063    -5.43472 0.000356629
        1010    -5.43054    -5.43472   0.0003563
        1011    -5.43079    -5.43472 0.000355969
        1012    -5.43135    -5.43471 0.000355633
        1013    -5.43127    -5.43471 0.000355298
        1014    -5.43152    -5.43471 0.000354961
        1015     -5.4308     -5.4347 0.000354633
        1016     -5.4317     -5.4347 0.000354296
        1017    -5.43162     -5.4347  0.00035396
        1018    -5.43188    -5.43469 0.000353624
        1019    -5.43149    -5.43469 0.000353291
        1020    -5.43175    -5.43469 0.000352956
        1021    -5.43104    -5.43468 0.000352628
        1022    -5.43098    -5.43468 0.000352302
        1023     -5.4306    -5.43468  0.00035198
        1024    -5.43023    -5.43467 0.000351663
        1025    -5.43051    -5.43467 0.000351343
        1026    -5.43047    -5.43466 0.000351025
        1027    -5.43075    -5.43466 0.000350704
        1028    -5.43072    -5.43466 0.000350383
        1029    -5.43069    -5.43465 0.000350064
        1030    -5.43002    -5.43465 0.000349753
        1031    -5.42968    -5.43464 0.000349447
        1032    -5.42935    -5.43464 0.000349146
        1033    -5.42869    -5.43463 0.000348856
        1034    -5.42934    -5.43463 0.000348556
        1035     -5.4287    -5.43462 0.000348266
        1036     -5.4287    -5.43462 0.000347977
        1037    -5.42872    -5.43461 0.000347688
        1038    -5.42906     -5.4346 0.000347394
        1039    -5.42974     -5.4346 0.000347091
        1040    -5.42977     -5.4346 0.000346788
        1041    -5.42981    -5.43459 0.000346486
        1042     -5.4305    -5.43459 0.000346175
        1043     -5.4299    -5.43458 0.000345873
        1044    -5.43028    -5.43458 0.000345566
        1045    -5.43002    -5.43457 0.000345263
        1046     -5.4304    -5.43457 0.000344956
        1047    -5.43112    -5.43457 0.000344642
        1048     -5.4312    -5.43456 0.000344328
        1049     -5.4316    -5.43456 0.000344011
        1050    -5.43169    -5.43456 0.000343695
        1051     -5.4321    -5.43456 0.000343375
        1052    -5.43188    -5.43455 0.000343059
        1053    -5.43165    -5.43455 0.000342744
        1054    -5.43143    -5.43455 0.000342431
        1055    -5.43186    -5.43454 0.000342116
        1056    -5.43132    -5.43454 0.000341806
        1057    -5.43176    -5.43454 0.000341493
        1058    -5.43187    -5.43454 0.000341179
        1059    -5.43199    -5.43453 0.000340866
        1060    -5.43211    -5.43453 0.000340552
        1061    -5.43158    -5.43453 0.000340242
        1062    -5.43235    -5.43453 0.000339928
        1063     -5.4328    -5.43453 0.000339612
        1064    -5.43324    -5.43452 0.000339295
        1065    -5.43402    -5.43452 0.000338977
        1066    -5.43414    -5.43452 0.000338659
        1067    -5.43426    -5.43452 0.000338342
        1068    -5.43471    -5.43452 0.000338025
        1069    -5.43515    -5.43452 0.000337709
        1070     -5.4356    -5.43452 0.000337395
        1071    -5.43572    -5.43453 0.000337082
        1072    -5.43551    -5.43453 0.000336769
        1073    -5.43563    -5.43453 0.000336456
        1074    -5.43639    -5.43453 0.000336148
        1075    -5.43682    -5.43453 0.000335842
        1076    -5.43693    -5.43453 0.000335537
        1077    -5.43735    -5.43454 0.000335235
        1078     -5.4381    -5.43454 0.000334941
        1079    -5.43852    -5.43454 0.000334651
        1080    -5.43797    -5.43455 0.000334356
        1081    -5.43806    -5.43455 0.000334062
        1082    -5.43782    -5.43455 0.000333767
        1083    -5.43791    -5.43456 0.000333474
        1084    -5.43798    -5.43456 0.000333181
        1085    -5.43806    -5.43456 0.000332889
        1086     -5.4378    -5.43457 0.000332596
        1087    -5.43722    -5.43457 0.000332299
        1088    -5.43696    -5.43457 0.000332001
        1089    -5.43702    -5.43457 0.000331704
        1090    -5.43674    -5.43457 0.000331406
        1091    -5.43647    -5.43458 0.000331106
        1092    -5.43716    -5.43458 0.000330812
        1093    -5.43655    -5.43458 0.000330514
        1094    -5.43659    -5.43458 0.000330217
        1095    -5.43662    -5.43458  0.00032992
        1096    -5.43664    -5.43459 0.000329625
        1097    -5.43731    -5.43459 0.000329334
        1098    -5.43732    -5.43459 0.000329043
        1099    -5.43798    -5.43459 0.000328758
        1100    -5.43734     -5.4346 0.000328469
        1101    -5.43735     -5.4346  0.00032818
        1102    -5.43767     -5.4346 0.000327894
        1103    -5.43702     -5.4346 0.000327604
        1104    -5.43733    -5.43461 0.000327317
        1105    -5.43731    -5.43461  0.00032703
        1106    -5.43697    -5.43461 0.000326741
        1107    -5.43695    -5.43461 0.000326453
        1108    -5.43692    -5.43461 0.000326165
        1109    -5.43657    -5.43462 0.000325875
        1110    -5.43588    -5.43462 0.000325584
        1111    -5.43617    -5.43462 0.000325294
        1112     -5.4371    -5.43462 0.000325009
        1113    -5.43705    -5.43462 0.000324724
        1114      -5.437    -5.43463 0.000324439
        1115    -5.43662    -5.43463 0.000324153
        1116    -5.43721    -5.43463 0.000323871
        1117    -5.43715    -5.43463 0.000323589
        1118    -5.43708    -5.43463 0.000323307
        1119    -5.43701    -5.43464 0.000323025
        1120    -5.43759    -5.43464 0.000322748
        1121    -5.43752    -5.43464  0.00032247
        1122    -5.43712    -5.43464  0.00032219
        1123    -5.43736    -5.43465 0.000321912
        1124     -5.4376    -5.43465 0.000321636
        1125    -5.43752    -5.43465 0.000321361
        1126     -5.4371    -5.43465 0.000321083
        1127    -5.43669    -5.43466 0.000320803
        1128     -5.4366    -5.43466 0.000320523
        1129    -5.43553    -5.43466  0.00032024
        1130    -5.43479    -5.43466 0.000319957
        1131    -5.43372    -5.43466 0.000319675
        1132    -5.43395    -5.43466 0.000319393
        1133    -5.43384    -5.43466 0.000319112
        1134    -5.43374    -5.43466 0.000318832
        1135    -5.43331    -5.43465 0.000318553
        1136    -5.43289    -5.43465 0.000318276
        1137    -5.43246    -5.43465 0.000318002
        1138    -5.43203    -5.43465 0.000317731
        1139    -5.43159    -5.43465 0.000317464
        1140    -5.43084    -5.43464 0.000317203
        1141    -5.43009    -5.43464  0.00031695
        1142    -5.42998    -5.43463 0.000316698
        1143    -5.42923    -5.43463 0.000316457
        1144    -5.42879    -5.43462 0.000316221
        1145    -5.42869    -5.43462 0.000315988
        1146    -5.42923    -5.43461 0.000315747
        1147    -5.42977    -5.43461   0.0003155
        1148    -5.42999    -5.43461 0.000315251
        1149    -5.42956     -5.4346 0.000315007
        1150    -5.42977     -5.4346 0.000314761
        1151    -5.42935    -5.43459 0.000314521
        1152    -5.42924    -5.43459 0.000314282
        1153    -5.42914    -5.43458 0.000314045
        1154    -5.42937    -5.43458 0.000313805
        1155    -5.42927    -5.43457 0.000313567
        1156    -5.42949    -5.43457 0.000313327
        1157    -5.42972    -5.43457 0.000313084
        1158     -5.4293    -5.43456 0.000312847
        1159    -5.42954    -5.43456 0.000312607
        1160    -5.43042    -5.43455 0.000312358
        1161    -5.43033    -5.43455  0.00031211
        1162    -5.43025    -5.43455 0.000311863
        1163    -5.42952    -5.43454 0.000311625
        1164    -5.42944    -5.43454 0.000311388
        1165    -5.42969    -5.43453 0.000311148
        1166    -5.42961    -5.43453  0.00031091
        1167    -5.42921    -5.43452 0.000310677
        1168    -5.42946    -5.43452 0.000310441
        1169    -5.42907    -5.43452 0.000310211
        1170    -5.42998    -5.43451  0.00030997
        1171    -5.42959    -5.43451 0.000309734
        1172    -5.42921     -5.4345 0.000309502
        1173    -5.43012     -5.4345 0.000309261
        1174    -5.42975    -5.43449 0.000309024
        1175    -5.43034    -5.43449 0.000308781
        1176     -5.4303    -5.43449 0.000308539
        1177    -5.43025    -5.43448 0.000308298
        1178    -5.43054    -5.43448 0.000308055
        1179     -5.4305    -5.43448 0.000307812
        1180    -5.43144    -5.43447 0.000307562
        1181    -5.43141    -5.43447 0.000307312
        1182    -5.43235    -5.43447 0.000307058
        1183    -5.43201    -5.43447 0.000306805
        1184    -5.43199    -5.43447 0.000306553
        1185    -5.43197    -5.43446 0.000306302
        1186    -5.43163    -5.43446 0.000306053
        1187    -5.43195    -5.43446 0.000305802
        1188    -5.43226    -5.43446  0.00030555
        1189    -5.43226    -5.43446 0.000305299
        1190    -5.43194    -5.43445  0.00030505
        1191    -5.43098    -5.43445 0.000304808
        1192    -5.43099    -5.43445 0.000304566
        1193    -5.43068    -5.43444 0.000304327
        1194    -5.43037    -5.43444 0.000304091
        1195    -5.43104    -5.43444  0.00030385
        1196    -5.43139    -5.43444 0.000303607
        1197    -5.43077    -5.43443 0.000303368
        1198    -5.43112    -5.43443 0.000303128
        1199    -5.43181    -5.43443 0.000302883
        1200    -5.43152    -5.43443  0.00030264
        1201    -5.43156    -5.43442 0.000302398
        1202    -5.43161    -5.43442 0.000302155
        1203    -5.43102    -5.43442 0.000301917
        1204    -5.43107    -5.43442 0.000301679
        1205    -5.43145    -5.43441 0.000301439
        1206    -5.43087    -5.43441 0.000301203
        1207    -5.43158    -5.43441 0.000300963
        1208    -5.43197    -5.43441  0.00030072
        1209    -5.43108     -5.4344 0.000300484
        1210    -5.43083     -5.4344  0.00030025
        1211    -5.43124     -5.4344 0.000300014
        1212    -5.43132    -5.43439 0.000299777
        1213    -5.43108    -5.43439 0.000299542
        1214     -5.4315    -5.43439 0.000299305
        1215    -5.43127    -5.43439  0.00029907
        1216    -5.43137    -5.43438 0.000298834
        1217    -5.43147    -5.43438 0.000298598
        1218    -5.43093    -5.43438 0.000298366
        1219    -5.43071    -5.43438 0.000298137
        1220    -5.43114    -5.43437 0.000297904
        1221    -5.43158    -5.43437 0.000297669
        1222     -5.4317    -5.43437 0.000297434
        1223    -5.43214    -5.43437 0.000297196
        1224    -5.43227    -5.43437 0.000296958
        1225    -5.43207    -5.43436 0.000296722
        1226    -5.43219    -5.43436 0.000296485
        1227      -5.432    -5.43436 0.000296249
        1228    -5.43277    -5.43436 0.000296011
        1229    -5.43323    -5.43436 0.000295772
        1230    -5.43304    -5.43436 0.000295533
        1231    -5.43414    -5.43436 0.000295293
        1232     -5.4333    -5.43436 0.000295055
        1233    -5.43344    -5.43436 0.000294816
        1234    -5.43357    -5.43435 0.000294578
        1235    -5.43435    -5.43435  0.00029434
        1236    -5.43449    -5.43435 0.000294101
        1237     -5.4343    -5.43435 0.000293864
        1238    -5.43443    -5.43435 0.000293626
        1239    -5.43457    -5.43435 0.000293389
        1240    -5.43502    -5.43436 0.000293153
        1241    -5.43483    -5.43436 0.000292917
        1242    -5.43496    -5.43436 0.000292682
        1243    -5.43444    -5.43436 0.000292446
        1244    -5.43488    -5.43436 0.000292212
        1245     -5.4363    -5.43436 0.000291981
        1246    -5.43642    -5.43436 0.000291751
        1247    -5.43686    -5.43436 0.000291524
        1248    -5.43762    -5.43436 0.000291302
        1249    -5.43708    -5.43437 0.000291077
        1250    -5.43751    -5.43437 0.000290855
        1251    -5.43761    -5.43437 0.000290634
        1252    -5.43771    -5.43437 0.000290414
        1253     -5.4378    -5.43438 0.000290195
        1254    -5.43821    -5.43438  0.00028998
        1255    -5.43829    -5.43438 0.000289766
        1256     -5.4387    -5.43439 0.000289555
        1257    -5.43877    -5.43439 0.000289346
        1258    -5.43981    -5.43439 0.000289148
        1259    -5.43988     -5.4344 0.000288951
        1260    -5.43961     -5.4344 0.000288752
        1261    -5.43934    -5.43441 0.000288549
        1262    -5.43907    -5.43441 0.000288344
        1263    -5.43879    -5.43441 0.000288137
        1264    -5.43947    -5.43442 0.000287937
        1265    -5.43951    -5.43442 0.000287737
        1266    -5.43921    -5.43443 0.000287535
        1267    -5.43956    -5.43443 0.000287336
        1268    -5.44023    -5.43443 0.000287146
        1269    -5.44057    -5.43444 0.000286961
        1270    -5.44091    -5.43444  0.00028678
        1271    -5.43994    -5.43445 0.000286587
        1272    -5.44059    -5.43445 0.000286402
        1273    -5.44027    -5.43446 0.000286214
        1274    -5.43994    -5.43446 0.000286021
        1275    -5.44057    -5.43447 0.000285837
        1276    -5.44056    -5.43447 0.000285653
        1277    -5.44054    -5.43448 0.000285469
        1278    -5.43987    -5.43448 0.000285277
        1279    -5.43952    -5.43448 0.000285081
        1280    -5.43949    -5.43449 0.000284885
        1281    -5.43978    -5.43449 0.000284692
        1282    -5.43974     -5.4345   0.0002845
        1283    -5.43938     -5.4345 0.000284303
        1284    -5.43966     -5.4345  0.00028411
        1285    -5.43962    -5.43451 0.000283917
        1286    -5.43957    -5.43451 0.000283723
        1287    -5.43952    -5.43452  0.00028353
        1288    -5.43914    -5.43452 0.000283332
        1289    -5.43909    -5.43452 0.000283135
        1290    -5.43904    -5.43453 0.000282937
        1291     -5.4393    -5.43453 0.000282742
        1292    -5.43892    -5.43453 0.000282543
        1293    -5.43919    -5.43454 0.000282348
        1294    -5.43913    -5.43454 0.000282152
        1295    -5.43874    -5.43454 0.000281953
        1296    -5.43997    -5.43455 0.000281766
        1297    -5.43959    -5.43455 0.000281576
        1298    -5.43952    -5.43456 0.000281385
        1299    -5.43946    -5.43456 0.000281194
        1300    -5.43972    -5.43456 0.000281005
        1301    -5.43965    -5.43457 0.000280817
        1302    -5.43894    -5.43457 0.000280621
        1303    -5.43887    -5.43458 0.000280425
        1304     -5.4388    -5.43458 0.000280229
        1305    -5.43841    -5.43458 0.000280029
        1306    -5.43802    -5.43458 0.000279827
        1307    -5.43763    -5.43459 0.000279623
        1308    -5.43692    -5.43459 0.000279415
        1309    -5.43621    -5.43459 0.000279204
        1310    -5.43646    -5.43459 0.000278995
        1311    -5.43575    -5.43459 0.000278783
        1312      -5.436    -5.43459 0.000278573
        1313    -5.43561    -5.43459 0.000278362
        1314    -5.43587    -5.43459 0.000278152
        1315    -5.43613     -5.4346 0.000277942
        1316    -5.43638     -5.4346 0.000277735
        1317    -5.43664     -5.4346 0.000277528
        1318     -5.4369     -5.4346 0.000277323
        1319    -5.43683     -5.4346 0.000277118
        1320    -5.43677     -5.4346 0.000276913
        1321    -5.43702    -5.43461 0.000276709
        1322     -5.4376    -5.43461 0.000276509
        1323    -5.43721    -5.43461 0.000276307
        1324    -5.43617    -5.43461 0.000276101
        1325     -5.4361    -5.43461 0.000275895
        1326    -5.43571    -5.43461 0.000275688
        1327    -5.43629    -5.43461 0.000275483
        1328    -5.43525    -5.43461 0.000275276
        1329    -5.43518    -5.43461 0.000275069
        1330    -5.43479    -5.43462 0.000274863
        1331    -5.43505    -5.43462 0.000274656
        1332    -5.43465    -5.43462  0.00027445
        1333    -5.43556    -5.43462 0.000274245
        1334    -5.43549    -5.43462  0.00027404
        1335    -5.43574    -5.43462 0.000273836
        1336    -5.43567    -5.43462 0.000273632
        1337     -5.4356    -5.43462 0.000273429
        1338    -5.43586    -5.43462 0.000273226
        1339    -5.43579    -5.43462 0.000273023
        1340    -5.43669    -5.43462 0.000272824
        1341     -5.4363    -5.43462 0.000272623
        1342    -5.43558    -5.43462 0.000272421
        1343    -5.43487    -5.43462 0.000272218
        1344     -5.4348    -5.43462 0.000272016
        1345    -5.43473    -5.43462 0.000271814
        1346    -5.43433    -5.43462 0.000271612
        1347    -5.43459    -5.43462  0.00027141
        1348    -5.43452    -5.43462 0.000271209
        1349    -5.43477    -5.43462 0.000271008
        1350    -5.43503    -5.43462 0.000270807
        1351    -5.43495    -5.43463 0.000270607
        1352    -5.43488    -5.43463 0.000270407
        1353    -5.43449    -5.43463 0.000270207
        1354    -5.43409    -5.43462 0.000270008
        1355    -5.43499    -5.43463 0.000269809
        1356    -5.43525    -5.43463  0.00026961
        1357    -5.43485    -5.43463 0.000269411
        1358    -5.43478    -5.43463 0.000269213
        1359    -5.43503    -5.43463 0.000269015
        1360    -5.43593    -5.43463 0.000268819
        1361    -5.43553    -5.43463 0.000268622
        1362    -5.43481    -5.43463 0.000268425
        1363    -5.43506    -5.43463 0.000268228
        1364    -5.43531    -5.43463 0.000268032
        1365    -5.43524    -5.43463 0.000267836
        1366    -5.43516    -5.43463  0.00026764
        1367    -5.43476    -5.43463 0.000267445
        1368    -5.43468    -5.43463 0.000267249
        1369    -5.43493    -5.43463 0.000267054
        1370    -5.43452    -5.43463 0.000266859
        1371    -5.43444    -5.43463 0.000266664
        1372    -5.43469    -5.43463  0.00026647
        1373    -5.43461    -5.43463 0.000266276
        1374     -5.4342    -5.43463 0.000266082
        1375    -5.43412    -5.43463 0.000265889
        1376    -5.43404    -5.43463 0.000265696
        1377    -5.43331    -5.43463 0.000265505
        1378     -5.4342    -5.43463 0.000265313
        1379    -5.43412    -5.43463  0.00026512
        1380    -5.43307    -5.43463 0.000264931
        1381    -5.43299    -5.43462 0.000264742
        1382    -5.43258    -5.43462 0.000264554
        1383    -5.43282    -5.43462 0.000264366
        1384    -5.43242    -5.43462  0.00026418
        1385    -5.43266    -5.43462 0.000263993
        1386    -5.43258    -5.43462 0.000263806
        1387    -5.43251    -5.43462 0.000263621
        1388    -5.43243    -5.43461 0.000263435
        1389    -5.43203    -5.43461 0.000263252
        1390    -5.43228    -5.43461 0.000263068
        1391    -5.43188    -5.43461 0.000262887
        1392    -5.43181    -5.43461 0.000262705
        1393    -5.43141     -5.4346 0.000262527
        1394    -5.43134     -5.4346 0.000262349
        1395    -5.43128     -5.4346 0.000262172
        1396    -5.43122     -5.4346 0.000261995
        1397    -5.43083    -5.43459 0.000261821
        1398    -5.43045    -5.43459 0.000261651
        1399    -5.42975    -5.43459 0.000261487
        1400    -5.43002    -5.43458  0.00026132
        1401    -5.42997    -5.43458 0.000261155
        1402    -5.42992    -5.43458  0.00026099
        1403    -5.42955    -5.43457 0.000260828
        1404    -5.42952    -5.43457 0.000260667
        1405    -5.43045    -5.43457 0.000260498
        1406    -5.42978    -5.43456 0.000260335
        1407    -5.42943    -5.43456 0.000260176
        1408    -5.42908    -5.43456  0.00026002
        1409    -5.42906    -5.43455 0.000259865
        1410    -5.42905    -5.43455  0.00025971
        1411    -5.42905    -5.43455 0.000259555
        1412    -5.42937    -5.43454 0.000259397
        1413    -5.42937    -5.43454 0.000259239
        1414    -5.42906    -5.43453 0.000259085
        1415     -5.4294    -5.43453 0.000258927
        1416    -5.42975    -5.43453 0.000258766
        1417     -5.4301    -5.43452 0.000258603
        1418    -5.43046    -5.43452 0.000258436
        1419    -5.43017    -5.43452 0.000258272
        1420     -5.4299    -5.43452 0.000258111
        1421    -5.42963    -5.43451 0.000257952
        1422    -5.43001    -5.43451  0.00025779
        1423     -5.4304    -5.43451 0.000257625
        1424    -5.43047     -5.4345  0.00025746
        1425    -5.43087     -5.4345 0.000257292
        1426    -5.43031     -5.4345 0.000257128
        1427     -5.4304    -5.43449 0.000256964
        1428     -5.4305    -5.43449 0.000256799
        1429    -5.42995    -5.43449 0.000256639
        1430    -5.43006    -5.43449 0.000256478
        1431    -5.43082    -5.43448 0.000256312
        1432     -5.4303    -5.43448  0.00025615
        1433    -5.43075    -5.43448 0.000255984
        1434    -5.43089    -5.43447 0.000255818
        1435    -5.43038    -5.43447 0.000255656
        1436     -5.4302    -5.43447 0.000255495
        1437    -5.43035    -5.43447 0.000255333
        1438    -5.43051    -5.43446  0.00025517
        1439    -5.43034    -5.43446 0.000255009
        1440    -5.43019    -5.43446 0.000254849
        1441    -5.43036    -5.43445 0.000254688
        1442    -5.43053    -5.43445 0.000254526
        1443    -5.43103    -5.43445 0.000254361
        1444    -5.42992    -5.43445 0.000254204
        1445    -5.42946    -5.43444 0.000254052
        1446    -5.42932    -5.43444 0.000253901
        1447    -5.42983    -5.43444 0.000253745
        1448    -5.43003    -5.43443 0.000253588
        1449    -5.43055    -5.43443 0.000253427
        1450    -5.43042    -5.43443 0.000253268
        1451    -5.43029    -5.43442 0.000253109
        1452    -5.43082    -5.43442 0.000252947
        1453    -5.43069    -5.43442 0.000252786
        1454    -5.43122    -5.43442 0.000252622
        1455     -5.4311    -5.43442 0.000252458
        1456    -5.43162    -5.43441 0.000252292
        1457    -5.43182    -5.43441 0.000252125
        1458    -5.43202    -5.43441 0.000251958
        1459    -5.43222    -5.43441  0.00025179
        1460    -5.43241    -5.43441 0.000251621
        1461    -5.43358    -5.43441 0.000251449
        1462    -5.43345    -5.43441 0.000251278
        1463    -5.43429    -5.43441 0.000251106
        1464    -5.43415    -5.43441 0.000250935
        1465    -5.43499    -5.43441 0.000250764
        1466     -5.4342    -5.43441 0.000250593
        1467    -5.43502    -5.43441 0.000250422
        1468    -5.43552    -5.43441 0.000250253
        1469    -5.43601    -5.43441 0.000250085
        1470    -5.43618    -5.43441 0.000249918
        1471    -5.43666    -5.43441 0.000249753
        1472    -5.43617    -5.43441 0.000249586
        1473    -5.43697    -5.43441 0.000249422
        1474    -5.43777    -5.43442 0.000249263
        1475    -5.43694    -5.43442   0.0002491
        1476    -5.43707    -5.43442 0.000248938
        1477     -5.4372    -5.43442 0.000248777
        1478    -5.43733    -5.43442 0.000248616
        1479     -5.4368    -5.43443 0.000248453
        1480    -5.43692    -5.43443 0.000248291
        1481    -5.43703    -5.43443  0.00024813
        1482    -5.43713    -5.43443 0.000247969
        1483    -5.43787    -5.43443 0.000247813
        1484    -5.43796    -5.43444 0.000247657
        1485    -5.43805    -5.43444 0.000247502
        1486    -5.43813    -5.43444 0.000247348
        1487    -5.43852    -5.43444 0.000247197
        1488    -5.43891    -5.43445 0.000247049
        1489    -5.43897    -5.43445 0.000246902
        1490    -5.43871    -5.43445 0.000246753
        1491    -5.43875    -5.43445 0.000246604
        1492    -5.43847    -5.43446 0.000246454
        1493    -5.43851    -5.43446 0.000246303
        1494    -5.43822    -5.43446 0.000246151
        1495    -5.43824    -5.43446    0.000246
        1496    -5.43891    -5.43447 0.000245853
        1497     -5.4386    -5.43447 0.000245705
        1498    -5.43828    -5.43447 0.000245554
        1499    -5.43861    -5.43448 0.000245405
        1500    -5.43926    -5.43448 0.000245262
        1501    -5.43957    -5.43448 0.000245123
        1502    -5.43956    -5.43449 0.000244983
        1503    -5.43986    -5.43449 0.000244846
        1504    -5.43983    -5.43449 0.000244709
        1505     -5.4398     -5.4345 0.000244572
        1506    -5.43977     -5.4345 0.000244434
        1507     -5.4394     -5.4345 0.000244294
        1508    -5.43903    -5.43451  0.00024415
        1509    -5.43963    -5.43451 0.000244012
        1510     -5.4399    -5.43451 0.000243876
        1511    -5.44049    -5.43452 0.000243747
        1512    -5.44042    -5.43452 0.000243617
        1513      -5.441    -5.43453 0.000243494
        1514    -5.44028    -5.43453 0.000243363
        1515     -5.4402    -5.43453 0.000243231
        1516    -5.44044    -5.43454 0.000243101
        1517    -5.44003    -5.43454 0.000242968
        1518    -5.43994    -5.43454 0.000242834
        1519    -5.43984    -5.43455 0.000242699
        1520    -5.43942    -5.43455 0.000242561
        1521    -5.43932    -5.43455 0.000242422
        1522    -5.43889    -5.43456 0.000242279
        1523    -5.43878    -5.43456 0.000242136
        1524    -5.43801    -5.43456 0.000241987
        1525    -5.43661    -5.43456 0.000241832
        1526    -5.43713    -5.43456  0.00024168
        1527    -5.43734    -5.43457 0.000241528
        1528    -5.43689    -5.43457 0.000241375
        1529    -5.43676    -5.43457 0.000241222
        1530    -5.43727    -5.43457  0.00024107
        1531    -5.43746    -5.43457  0.00024092
        1532    -5.43733    -5.43457  0.00024077
        1533    -5.43751    -5.43458  0.00024062
        1534    -5.43737    -5.43458  0.00024047
        1535    -5.43722    -5.43458  0.00024032
        1536     -5.4374    -5.43458  0.00024017
        1537    -5.43725    -5.43458  0.00024002
        1538    -5.43711    -5.43459  0.00023987
        1539    -5.43599    -5.43459 0.000239716
        1540    -5.43584    -5.43459 0.000239562
        1541    -5.43471    -5.43459 0.000239406
        1542    -5.43488    -5.43459 0.000239251
        1543    -5.43538    -5.43459 0.000239096
        1544    -5.43555    -5.43459 0.000238942
        1545    -5.43442    -5.43459 0.000238788
        1546    -5.43427    -5.43459 0.000238633
        1547    -5.43379    -5.43459  0.00023848
        1548    -5.43363    -5.43459 0.000238326
        1549     -5.4338    -5.43459 0.000238173
        1550    -5.43462    -5.43459 0.000238019
        1551    -5.43479    -5.43459 0.000237866
        1552    -5.43496    -5.43459 0.000237713
        1553    -5.43481    -5.43459  0.00023756
        1554    -5.43498    -5.43459 0.000237407
        1555    -5.43386    -5.43459 0.000237255
        1556    -5.43403    -5.43459 0.000237103
        1557    -5.43356    -5.43459 0.000236951
        1558    -5.43342    -5.43459   0.0002368
        1559    -5.43392    -5.43458 0.000236649
        1560     -5.4341    -5.43458 0.000236497
        1561    -5.43364    -5.43458 0.000236347
        1562     -5.4335    -5.43458 0.000236196
        1563    -5.43337    -5.43458 0.000236047
        1564    -5.43323    -5.43458 0.000235897
        1565    -5.43246    -5.43458  0.00023575
        1566    -5.43265    -5.43458 0.000235603
        1567    -5.43221    -5.43458 0.000235458
        1568    -5.43241    -5.43458 0.000235311
        1569    -5.43229    -5.43457 0.000235166
        1570     -5.4325    -5.43457  0.00023502
        1571    -5.43239    -5.43457 0.000234874
        1572    -5.43229    -5.43457 0.000234729
        1573    -5.43219    -5.43457 0.000234585
        1574    -5.43241    -5.43457  0.00023444
        1575    -5.43232    -5.43457 0.000234296
        1576    -5.43223    -5.43456 0.000234152
        1577    -5.43085    -5.43456 0.000234015
        1578    -5.43077    -5.43456 0.000233879
        1579    -5.43101    -5.43456 0.000233742
        1580    -5.43127    -5.43456 0.000233603
        1581    -5.43184    -5.43455 0.000233462
        1582    -5.43049    -5.43455 0.000233328
        1583    -5.43011    -5.43455 0.000233198
        1584    -5.43005    -5.43455 0.000233068
        1585    -5.43033    -5.43454 0.000232936
        1586    -5.42996    -5.43454 0.000232807
        1587     -5.4296    -5.43454 0.000232681
        1588    -5.42924    -5.43453 0.000232559
        1589    -5.42986    -5.43453 0.000232431
        1590    -5.43048    -5.43453 0.000232299
        1591    -5.42949    -5.43453 0.000232174
        1592     -5.4298    -5.43452 0.000232047
        1593    -5.42947    -5.43452 0.000231923
        1594    -5.42979    -5.43452 0.000231797
        1595    -5.43011    -5.43451 0.000231668
        1596    -5.42979    -5.43451 0.000231542
        1597    -5.42916    -5.43451 0.000231421
        1598     -5.4295     -5.4345 0.000231297
        1599    -5.42919     -5.4345 0.000231177
        1600    -5.42825     -5.4345 0.000231065
        1601    -5.42763    -5.43449 0.000230961
        1602    -5.42734    -5.43449  0.00023086
        1603    -5.42771    -5.43448 0.000230754
        1604    -5.42807    -5.43448 0.000230645
        1605    -5.42877    -5.43448 0.000230529
        1606    -5.42915    -5.43447 0.000230409
        1607    -5.42888    -5.43447 0.000230292
        1608    -5.42894    -5.43447 0.000230175
        1609    -5.42933    -5.43446 0.000230054
        1610    -5.42908    -5.43446 0.000229935
        1611     -5.4285    -5.43446 0.000229822
        1612    -5.42793    -5.43445 0.000229715
        1613    -5.42899    -5.43445 0.000229598
        1614    -5.42843    -5.43444 0.000229486
        1615    -5.42851    -5.43444 0.000229373
        1616    -5.42893    -5.43444 0.000229256
        1617    -5.42935    -5.43443 0.000229136
        1618    -5.42944    -5.43443 0.000229015
        1619    -5.42954    -5.43443 0.000228894
        1620    -5.42997    -5.43443 0.000228769
        1621    -5.43072    -5.43442 0.000228639
        1622    -5.43115    -5.43442 0.000228507
        1623    -5.43126    -5.43442 0.000228375
        1624     -5.4317    -5.43442  0.00022824
        1625    -5.43116    -5.43442 0.000228109
        1626    -5.43128    -5.43441 0.000227977
        1627    -5.43139    -5.43441 0.000227844
        1628     -5.4328    -5.43441 0.000227706
        1629     -5.4326    -5.43441 0.000227569
        1630    -5.43207    -5.43441 0.000227434
        1631    -5.43219    -5.43441 0.000227299
        1632     -5.4323    -5.43441 0.000227163
        1633    -5.43275     -5.4344 0.000227026
        1634    -5.43222     -5.4344 0.000226891
        1635    -5.43233     -5.4344 0.000226756
        1636    -5.43277     -5.4344  0.00022662
        1637    -5.43386     -5.4344 0.000226481
        1638    -5.43398     -5.4344 0.000226343
        1639    -5.43441     -5.4344 0.000226205
        1640    -5.43452     -5.4344 0.000226067
        1641    -5.43463     -5.4344  0.00022593
        1642    -5.43507     -5.4344 0.000225792
        1643    -5.43485     -5.4344 0.000225655
        1644    -5.43495     -5.4344 0.000225518
        1645    -5.43473     -5.4344 0.000225381
        1646     -5.4345     -5.4344 0.000225244
        1647    -5.43428     -5.4344 0.000225107
        1648    -5.43437     -5.4344 0.000224971
        1649    -5.43446     -5.4344 0.000224834
        1650     -5.4339     -5.4344 0.000224698
        1651    -5.43366     -5.4344 0.000224563
        1652    -5.43374     -5.4344 0.000224427
        1653    -5.43382     -5.4344 0.000224292
        1654    -5.43389     -5.4344 0.000224156
        1655    -5.43461     -5.4344 0.000224021
        1656    -5.43533     -5.4344 0.000223886
        1657    -5.43507     -5.4344 0.000223751
        1658    -5.43545     -5.4344 0.000223617
        1659    -5.43583     -5.4344 0.000223484
        1660    -5.43589     -5.4344 0.000223351
        1661    -5.43561     -5.4344 0.000223218
        1662    -5.43566     -5.4344 0.000223085
        1663    -5.43505    -5.43441 0.000222951
        1664    -5.43509    -5.43441 0.000222818
        1665    -5.43545    -5.43441 0.000222685
        1666    -5.43548    -5.43441 0.000222552
        1667    -5.43389    -5.43441 0.000222419
        1668    -5.43391    -5.43441 0.000222286
        1669    -5.43393    -5.43441 0.000222153
        1670     -5.4333    -5.43441  0.00022202
        1671    -5.43397    -5.43441 0.000221888
        1672     -5.4343    -5.43441 0.000221755
        1673    -5.43399     -5.4344 0.000221623
        1674    -5.43464     -5.4344  0.00022149
        1675    -5.43432     -5.4344 0.000221358
        1676    -5.43465     -5.4344 0.000221226
        1677    -5.43529    -5.43441 0.000221095
        1678    -5.43432    -5.43441 0.000220963
        1679    -5.43399    -5.43441 0.000220832
        1680    -5.43398     -5.4344   0.0002207
        1681    -5.43397     -5.4344 0.000220569
        1682    -5.43364     -5.4344 0.000220438
        1683     -5.4333     -5.4344 0.000220308
        1684    -5.43361     -5.4344 0.000220178
        1685    -5.43392     -5.4344 0.000220048
        1686    -5.43487     -5.4344 0.000219917
        1687    -5.43485     -5.4344 0.000219787
        1688    -5.43451     -5.4344 0.000219657
        1689    -5.43579     -5.4344 0.000219528
        1690    -5.43544     -5.4344 0.000219399
        1691    -5.43542    -5.43441  0.00021927
        1692    -5.43604    -5.43441 0.000219143
        1693    -5.43667    -5.43441 0.000219018
        1694      -5.436    -5.43441  0.00021889
        1695    -5.43533    -5.43441 0.000218762
        1696    -5.43595    -5.43441 0.000218635
        1697    -5.43625    -5.43441 0.000218509
        1698     -5.4359    -5.43441 0.000218382
        1699    -5.43588    -5.43441 0.000218255
        1700    -5.43585    -5.43441 0.000218128
        1701     -5.4355    -5.43441 0.000218001
        1702    -5.43613    -5.43442 0.000217875
        1703    -5.43708    -5.43442 0.000217753
        1704    -5.43706    -5.43442  0.00021763
        1705    -5.43703    -5.43442 0.000217508
        1706    -5.43572    -5.43442 0.000217382
        1707    -5.43537    -5.43442 0.000217255
        1708    -5.43503    -5.43442 0.000217129
        1709    -5.43469    -5.43442 0.000217002
        1710    -5.43467    -5.43442 0.000216875
        1711    -5.43497    -5.43442 0.000216748
        1712    -5.43495    -5.43442 0.000216622
        1713    -5.43494    -5.43442 0.000216496
        1714    -5.43428    -5.43442 0.000216369
        1715    -5.43556    -5.43442 0.000216244
        1716    -5.43587    -5.43442  0.00021612
        1717    -5.43585    -5.43443 0.000215995
        1718    -5.43487    -5.43443  0.00021587
        1719    -5.43486    -5.43443 0.000215744
        1720     -5.4342    -5.43443 0.000215619
        1721    -5.43354    -5.43443 0.000215494
        1722     -5.4332    -5.43442  0.00021537
        1723    -5.43319    -5.43442 0.000215247
        1724    -5.43383    -5.43442 0.000215122
        1725    -5.43381    -5.43442 0.000214998
        1726     -5.4338    -5.43442 0.000214873
        1727    -5.43379    -5.43442 0.000214749
        1728    -5.43378    -5.43442 0.000214625
        1729    -5.43409    -5.43442 0.000214501
        1730    -5.43343    -5.43442 0.000214378
        1731    -5.43374    -5.43442 0.000214255
        1732    -5.43405    -5.43442 0.000214131
        1733    -5.43436    -5.43442 0.000214007
        1734    -5.43369    -5.43442 0.000213884
        1735    -5.43367    -5.43442 0.000213762
        1736    -5.43365    -5.43442 0.000213639
        1737    -5.43396    -5.43442 0.000213516
        1738    -5.43361    -5.43442 0.000213394
        1739    -5.43423    -5.43442 0.000213271
        1740    -5.43324    -5.43442 0.000213149
        1741    -5.43354    -5.43442 0.000213028
        1742    -5.43351    -5.43442 0.000212906
        1743    -5.43283    -5.43442 0.000212786
        1744    -5.43247    -5.43441 0.000212667
        1745    -5.43178    -5.43441  0.00021255
        1746    -5.43175    -5.43441 0.000212434
        1747    -5.43203    -5.43441 0.000212317
        1748    -5.43199    -5.43441   0.0002122
        1749    -5.43129    -5.43441 0.000212086
        1750    -5.43125    -5.43441 0.000211972
        1751    -5.43055     -5.4344 0.000211863
        1752     -5.4305     -5.4344 0.000211754
        1753    -5.43013     -5.4344 0.000211647
        1754    -5.42975     -5.4344 0.000211543
        1755    -5.42969    -5.43439 0.000211439
        1756    -5.42963    -5.43439 0.000211336
        1757    -5.43054    -5.43439 0.000211227
        1758    -5.43048    -5.43439 0.000211119
        1759    -5.43009    -5.43438 0.000211013
        1760    -5.43003    -5.43438 0.000210908
        1761    -5.42996    -5.43438 0.000210803
        1762    -5.42989    -5.43438 0.000210698
        1763    -5.43079    -5.43437 0.000210589
        1764    -5.43072    -5.43437  0.00021048
        1765    -5.43096    -5.43437 0.000210369
        1766    -5.43089    -5.43437 0.000210259
        1767    -5.43081    -5.43437  0.00021015
        1768    -5.43073    -5.43436 0.000210041
        1769    -5.43098    -5.43436 0.000209931
        1770    -5.43123    -5.43436  0.00020982
        1771     -5.4318    -5.43436 0.000209707
        1772    -5.43172    -5.43436 0.000209593
        1773    -5.43131    -5.43436 0.000209482
        1774    -5.43059    -5.43435 0.000209375
        1775    -5.43051    -5.43435 0.000209268
        1776    -5.43044    -5.43435 0.000209162
        1777    -5.43101    -5.43435 0.000209053
        1778    -5.43093    -5.43435 0.000208944
        1779    -5.43021    -5.43434 0.000208839
        1780    -5.42981    -5.43434 0.000208738
        1781    -5.42942    -5.43434 0.000208639
        1782    -5.42967    -5.43434 0.000208538
        1783     -5.4296    -5.43433 0.000208438
        1784    -5.43018    -5.43433 0.000208334
        1785    -5.43012    -5.43433 0.000208231
        1786    -5.43005    -5.43433 0.000208128
        1787    -5.42999    -5.43432 0.000208026
        1788    -5.43058    -5.43432  0.00020792
        1789     -5.4302    -5.43432 0.000207816
        1790    -5.43014    -5.43432 0.000207713
        1791    -5.42977    -5.43431 0.000207613
        1792    -5.42875    -5.43431  0.00020752
        1793     -5.4287    -5.43431 0.000207428
        1794    -5.42834     -5.4343 0.000207339
        1795    -5.42829     -5.4343 0.000207251
        1796    -5.42858     -5.4343  0.00020716
        1797    -5.42855    -5.43429 0.000207069
        1798    -5.42852    -5.43429 0.000206979
        1799    -5.42881    -5.43429 0.000206886
        1800    -5.42976    -5.43429 0.000206787
        1801    -5.42942    -5.43428  0.00020669
        1802    -5.42907    -5.43428 0.000206595
        1803    -5.42906    -5.43428 0.000206501
        1804    -5.42905    -5.43427 0.000206407
        1805    -5.42872    -5.43427 0.000206315
        1806    -5.42904    -5.43427 0.000206221
        1807    -5.42904    -5.43427 0.000206128
        1808    -5.42872    -5.43426 0.000206036
        1809     -5.4284    -5.43426 0.000205948
        1810    -5.42841    -5.43426  0.00020586
        1811    -5.42907    -5.43425 0.000205766
        1812    -5.42941    -5.43425  0.00020567
        1813    -5.42943    -5.43425 0.000205573
        1814    -5.42913    -5.43424 0.000205479
        1815    -5.42819    -5.43424 0.000205393
        1816     -5.4279    -5.43424  0.00020531
        1817    -5.42761    -5.43423 0.000205229
        1818    -5.42798    -5.43423 0.000205145
        1819    -5.42802    -5.43423 0.000205061
        1820    -5.42806    -5.43422 0.000204976
        1821    -5.42844    -5.43422 0.000204888
        1822    -5.42881    -5.43422 0.000204797
        1823    -5.42919    -5.43422 0.000204703
        1824    -5.42925    -5.43421 0.000204609
        1825    -5.42898    -5.43421 0.000204517
        1826    -5.42905    -5.43421 0.000204425
        1827    -5.42944     -5.4342  0.00020433
        1828    -5.42983     -5.4342 0.000204232
        1829     -5.4299     -5.4342 0.000204134
        1830    -5.42998     -5.4342 0.000204035
        1831    -5.43037    -5.43419 0.000203934
        1832    -5.43013    -5.43419 0.000203835
        1833    -5.43021    -5.43419 0.000203736
        1834    -5.42965    -5.43419  0.00020364
        1835    -5.42941    -5.43419 0.000203545
        1836    -5.42917    -5.43418 0.000203453
        1837    -5.42893    -5.43418 0.000203362
        1838     -5.4287    -5.43418 0.000203273
        1839    -5.42879    -5.43417 0.000203184
        1840     -5.4292    -5.43417 0.000203091
        1841     -5.4293    -5.43417 0.000202998
        1842    -5.42842    -5.43417 0.000202912
        1843    -5.42948    -5.43416 0.000202818
        1844    -5.42926    -5.43416 0.000202725
        1845    -5.42935    -5.43416 0.000202632
        1846    -5.42945    -5.43416 0.000202539
        1847    -5.42987    -5.43415 0.000202442
        1848    -5.43028    -5.43415 0.000202343
        1849    -5.43038    -5.43415 0.000202244
        1850    -5.43079    -5.43415 0.000202143
        1851    -5.43056    -5.43414 0.000202043
        1852    -5.43098    -5.43414 0.000201941
        1853    -5.43172    -5.43414 0.000201837
        1854    -5.43181    -5.43414 0.000201732
        1855    -5.43255    -5.43414 0.000201625
        1856    -5.43231    -5.43414 0.000201518
        1857    -5.43272    -5.43414 0.000201411
        1858    -5.43248    -5.43414 0.000201305
        1859    -5.43257    -5.43414 0.000201198
        1860      -5.432    -5.43414 0.000201094
        1861    -5.43176    -5.43413  0.00020099
        1862    -5.43151    -5.43413 0.000200887
        1863    -5.43126    -5.43413 0.000200785
        1864    -5.43133    -5.43413 0.000200683
        1865    -5.43108    -5.43413 0.000200582
        1866    -5.43082    -5.43413 0.000200482
        1867     -5.4312    -5.43412 0.000200381
        1868    -5.43159    -5.43412 0.000200278
        1869    -5.43197    -5.43412 0.000200174
        1870    -5.43202    -5.43412  0.00020007
        1871    -5.43142    -5.43412 0.000199969
        1872    -5.43147    -5.43412 0.000199867
        1873    -5.43216    -5.43412 0.000199763
        1874    -5.43188    -5.43412  0.00019966
        1875    -5.43224    -5.43411 0.000199556
        1876    -5.43259    -5.43411 0.000199451
        1877     -5.4323    -5.43411 0.000199347
        1878    -5.43264    -5.43411 0.000199243
        1879    -5.43234    -5.43411 0.000199139
        1880    -5.43333    -5.43411 0.000199033
        1881    -5.43334    -5.43411 0.000198928
        1882    -5.43271    -5.43411 0.000198824
        1883    -5.43336    -5.43411 0.000198718
        1884    -5.43304    -5.43411 0.000198614
        1885    -5.43304    -5.43411 0.000198509
        1886    -5.43304    -5.43411 0.000198405
        1887    -5.43335    -5.43411   0.0001983
        1888    -5.43366    -5.43411 0.000198195
        1889    -5.43365    -5.43411  0.00019809
        1890    -5.43395    -5.43411 0.000197985
        1891    -5.43393    -5.43411 0.000197881
        1892     -5.4339    -5.43411 0.000197776
        1893    -5.43323    -5.43411 0.000197672
        1894     -5.4332    -5.43411 0.000197568
        1895    -5.43316     -5.4341 0.000197465
        1896    -5.43313     -5.4341 0.000197361
        1897    -5.43309     -5.4341 0.000197258
        1898    -5.43305     -5.4341 0.000197155
        1899      -5.433     -5.4341 0.000197052
        1900    -5.43296     -5.4341 0.000196949
        1901    -5.43194     -5.4341 0.000196849
        1902    -5.43221     -5.4341 0.000196748
        1903    -5.43378     -5.4341 0.000196645
        1904    -5.43373     -5.4341 0.000196541
        1905    -5.43335     -5.4341 0.000196439
        1906     -5.4333     -5.4341 0.000196336
        1907    -5.43324     -5.4341 0.000196234
        1908    -5.43286     -5.4341 0.000196132
        1909     -5.4328     -5.4341  0.00019603
        1910    -5.43371     -5.4341 0.000195928
        1911    -5.43398     -5.4341 0.000195825
        1912    -5.43359     -5.4341 0.000195723
        1913    -5.43418     -5.4341 0.000195621
        1914    -5.43412     -5.4341 0.000195518
        1915    -5.43438     -5.4341 0.000195416
        1916    -5.43335     -5.4341 0.000195315
        1917    -5.43296     -5.4341 0.000195214
        1918    -5.43258    -5.43409 0.000195114
        1919     -5.4322    -5.43409 0.000195014
        1920    -5.43149    -5.43409 0.000194918
        1921    -5.43144    -5.43409 0.000194821
        1922    -5.43203    -5.43409 0.000194723
        1923      -5.431    -5.43409 0.000194628
        1924    -5.43159    -5.43409 0.000194531
        1925    -5.43121    -5.43409 0.000194436
        1926    -5.43116    -5.43408 0.000194341
        1927    -5.43111    -5.43408 0.000194246
        1928    -5.43106    -5.43408 0.000194152
        1929    -5.43101    -5.43408 0.000194057
        1930    -5.43097    -5.43408 0.000193964
        1931    -5.43092    -5.43408  0.00019387
        1932     -5.4312    -5.43407 0.000193775
        1933    -5.43116    -5.43407 0.000193681
        1934    -5.43144    -5.43407 0.000193586
        1935    -5.43043    -5.43407 0.000193495
        1936     -5.4304    -5.43407 0.000193404
        1937    -5.43036    -5.43407 0.000193314
        1938    -5.43033    -5.43406 0.000193224
        1939    -5.43029    -5.43406 0.000193134
        1940    -5.42962    -5.43406 0.000193048
        1941    -5.43024    -5.43406 0.000192958
        1942    -5.43021    -5.43406 0.000192869
        1943    -5.42986    -5.43405 0.000192782
        1944    -5.43049    -5.43405 0.000192692
        1945    -5.43144    -5.43405 0.000192597
        1946     -5.4311    -5.43405 0.000192504
        1947    -5.43108    -5.43405 0.000192411
        1948    -5.43074    -5.43405  0.00019232
        1949    -5.43072    -5.43404 0.000192229
        1950    -5.43039    -5.43404  0.00019214
        1951    -5.43102    -5.43404 0.000192047
        1952    -5.43102    -5.43404 0.000191955
        1953    -5.43068    -5.43404 0.000191865
        1954      -5.431    -5.43404 0.000191773
        1955      -5.431    -5.43403 0.000191681
        1956    -5.43132    -5.43403 0.000191588
        1957    -5.43131    -5.43403 0.000191495
        1958    -5.43099    -5.43403 0.000191404
        1959    -5.43099    -5.43403 0.000191312
        1960    -5.43099    -5.43403 0.000191221
        1961      -5.431    -5.43403  0.00019113
        1962    -5.43132    -5.43402 0.000191037
        1963    -5.43101    -5.43402 0.000190946
        1964    -5.43069    -5.43402 0.000190856
        1965    -5.43102    -5.43402 0.000190765
        1966    -5.43168    -5.43402 0.000190672
        1967    -5.43169    -5.43402 0.000190579
        1968    -5.43234    -5.43402 0.000190484
        1969    -5.43203    -5.43402  0.00019039
        1970    -5.43236    -5.43401 0.000190295
        1971    -5.43205    -5.43401 0.000190201
        1972    -5.43303    -5.43401 0.000190105
        1973    -5.43304    -5.43401 0.000190009
        1974    -5.43273    -5.43401 0.000189914
        1975    -5.43242    -5.43401  0.00018982
        1976    -5.43243    -5.43401 0.000189725
        1977    -5.43342    -5.43401  0.00018963
        1978    -5.43278    -5.43401 0.000189535
        1979    -5.43279    -5.43401  0.00018944
        1980    -5.43313    -5.43401 0.000189345
        1981    -5.43314    -5.43401  0.00018925
        1982    -5.43348    -5.43401 0.000189155
        1983    -5.43349    -5.43401 0.000189059
        1984    -5.43285    -5.43401 0.000188965
        1985    -5.43351    -5.43401  0.00018887
        1986    -5.43352    -5.43401 0.000188775
        1987    -5.43353    -5.43401  0.00018868
        1988    -5.43387    -5.43401 0.000188585
        1989    -5.43355    -5.43401 0.000188491
        1990    -5.43388    -5.43401 0.000188396
        1991    -5.43389    -5.43401 0.000188301
        1992    -5.43423    -5.43401 0.000188207
        1993    -5.43456    -5.43401 0.000188113
        1994    -5.43489    -5.43401 0.000188019
        1995     -5.4349    -5.43401 0.000187925
        1996    -5.43491    -5.43401 0.000187831
        1997    -5.43525    -5.43401 0.000187738
        1998    -5.43493    -5.43401 0.000187645
        1999    -5.43494    -5.43401 0.000187552
        2000    -5.43495    -5.43401 0.000187459
