101.6
85.1
99.46
89.18
105.72
137.72
86.46
99.48
95.74
121
93
80.46
85.12
90.94
99.64
123.58
101.22
89
102.48
121.96
84.48
118.68
121.98
93.68
97.34
101.36
90.6
102.58
78.18
122.54
87.4
88.7
106.96
97.6
103.54
87.26
105.26
135.16
97.68
94.1
105.08
108.04
112.32
114
114.5
110.36
117.34
106.08
108.92
91.6
130.7
100.16
104.34
99.92
81.08
103.64
88.48
94.92
91.16
108.72
120.46
86.38
85.98
85.74
95.3
88.38
105.36
103.42
112.36
119.98
95.54
90.08
90.26
87.54
75.64
91.8
86.9
84.54
115.48
125.14
89.18
97.62
83.32
101.9
82.94
78.02
90.26
126.34
83.82
108.94
118.32
115.02
81.16
98.64
78.84
99.58
100.88
96.08
88.96
109.74
