        0.518613         1.08905        -2.22976
       -0.487889         1.08769       -0.518732
        -1.11165      -0.0658308       -0.566678
         -1.8634        0.631608        0.534026
        0.630565     -0.00587979        0.285362
        -2.07888        0.939356         1.59213
         0.22406      -0.0906661       -0.855203
       0.0180545          -1.495         1.08527
        -1.13805       -0.162343       -0.805591
         1.25111        -1.42394       -0.858609
         2.50774         1.51707        -1.39651
       -0.911853      -0.0747339       -0.106333
        -1.75039         2.02073       0.0707258
       -0.727292        -1.08668        0.728234
         -1.8472       -0.869772        -1.80526
        0.956627        -1.85828        0.400485
         1.01693        -1.80194       -0.273133
         2.37665        0.967161        0.612492
        0.852426         1.01975       -0.939307
         2.60344       -0.318883        0.153277
      -0.0693187         0.44114       0.0154344
         1.55451       0.0974883        0.296884
        -2.81016       -0.287262      -0.0518795
       -0.259772        0.449041         1.19421
        -1.31631        -1.39859        -1.87484
        0.206965         2.95048         0.10216
       -0.379795        0.198303       -0.835166
        0.227354        0.681529        0.879844
         1.11146         1.25814       -0.615724
       -0.197082         1.09878        -1.05576
          1.5704       -0.880526       -0.263133
       -0.725931       -0.199754       -0.409003
        0.688168       0.0980003        0.420116
       -0.739869       -0.269558       -0.575094
         0.53431         1.34533       -0.106468
       -0.158756         1.14922         2.56432
        0.764982       -0.661744       -0.960763
        -1.14492        -1.34661       -0.533132
        0.391766       -0.536097      -0.0645113
         1.43505         1.76964        -1.34658
       0.0938473     -0.00270287        0.578264
        -1.58934         1.13124      -0.0497151
        0.477941         0.68582       -0.458799
        0.371493         1.65526        0.654254
        -1.13202       -0.614982       0.0667708
         1.80454         2.06786          1.2469
        0.900236       -0.533021      -0.0672045
        0.493027        0.338493        0.468293
        0.210302         -1.2411        0.460462
        -1.50144       -0.216225        0.377562
         1.27073        0.895215        -1.00074
       -0.268588         2.13775         1.65665
        -3.03407        0.846132         1.08571
          -2.501       -0.631772        0.181304
        0.393603        -1.07865        0.458762
    -0.000924467        0.133097         1.33311
         1.08764        -1.99646        0.743212
     -0.00741644       -0.301852         1.65027
        0.658659        0.523583      -0.0163619
         1.02845       -0.248144        0.964293
       -0.731122       -0.853118       0.0800493
         1.12633        0.879419        0.305973
       -0.452348       0.0326991         -1.1933
        -1.39191       -0.538261        -1.26747
        0.653721       -0.985895         1.99713
         1.23687    -0.000545643       0.0900775
         1.26188       -0.445101        0.092266
        0.177686       -0.300497       -0.064145
        0.243789        0.402839       -0.380803
        -0.15794        -1.27376         1.42262
        0.977064        0.401309        -0.43764
         1.54651        0.493221        0.177615
        -1.90868        0.663444        0.168479
       -0.207498         0.36886        -0.65324
        0.491175       -0.167962         1.79107
       -0.851985        0.571815       -0.480461
        -1.52644         3.56063       -0.339153
        -0.97652       -0.125759       -0.712356
         2.65328      -0.0313308         1.80859
         0.30274        0.641824        0.920111
        -2.34299        0.445554       -0.186215
      -0.0919116       -0.922131        0.436307
         -0.7769        0.167961         1.34618
         3.25542       -0.602467        0.671435
        0.800525        0.818709       -0.268721
         1.26733       -0.331834        -2.37232
        0.204989        -1.55898        -1.58413
        -1.27632        -2.67599       0.0769232
        -2.10173        -2.04751       -0.857949
        -0.98164         1.58747         1.10471
       -0.363148        -0.35201          1.2736
        0.830635        0.756525        -0.41642
         0.80689      -0.0980848       -0.737252
        0.755629        -2.46242       -0.167244
        -1.24115       -0.763502         1.03323
        0.577188         -0.9479        -1.25784
       -0.640204        -0.45695       -0.644077
        0.294313        -1.95952         1.15474
       -0.243045        0.183604        -1.66234
        0.285669       -0.792757       -0.332039
        0.430954         -1.1789        0.164008
       -0.866342      -0.0791877       -0.127928
     -0.00500504       0.0702519     -0.00544666
        -1.67567        0.257556        -1.71244
        0.205465       -0.345703          0.3481
      -0.0346985        -1.77865         1.45642
       -0.742685        0.809945        -1.37518
        0.723488         1.43815       -0.904293
