101.6
85.1
99.46
89.18
105.72
137.72
86.46
99.48
95.74
121
93
80.46
85.12
90.94
99.64
123.58
101.22
89
102.48
121.96
84.48
118.68
121.98
93.68
97.34
101.36
90.6
102.58
78.18
122.54
87.4
88.7
106.96
97.6
103.54
87.26
105.26
135.16
97.68
94.1
105.08
108.04
112.32
114
114.5
110.36
117.34
106.08
108.92
91.6
130.7
100.16
104.34
99.92
81.08
103.64
88.48
94.92
91.16
108.72
120.46
86.38
85.98
85.74
95.3
88.38
105.36
103.42
112.36
119.98
95.54
90.08
90.26
87.54
75.64
91.8
86.9
84.54
115.48
125.14
89.18
97.62
83.32
101.9
82.94
78.02
90.26
126.34
83.82
108.94
118.32
115.02
81.16
98.64
78.84
99.58
100.88
96.08
88.96
109.74
117.54
97.9
98.42
76.92
107.64
93.5
96.46
113.78
99.64
100.8
107.16
71.04
75.32
86.28
102.42
111.54
89.34
84.24
94.26
86.86
92.4
100.08
77.76
108.26
77.6
105.18
126.14
117.32
102.64
116.56
111.22
75.84
91.12
121.78
86.7
93.12
82.58
103.22
108.68
106.12
84.96
73.82
125.04
87.3
97.34
88.54
116.02
93.56
95.22
102.28
95.94
99.08
113.8
91.78
99.86
95.74
77.18
82.06
96.54
96.66
92.72
114.9
106.76
95.14
120.4
129
133.7
95.58
99.5
121.2
76.58
79.18
78.4
88.12
107.36
114.48
105.82
138.02
96.16
87.24
102.48
111.9
76.46
134.56
114.04
137.86
91.32
84.3
86.92
108.44
110.8
77.08
105.92
106.92
111.4
86.2
140.9
88.24
99.52
86.16
102.32
80.1
85.88
89.56
94.48
93.36
98.42
93.92
117.98
92.74
106.42
101.54
108.46
77.92
116.18
99.12
105.04
90.24
85.74
121.08
97.34
76.76
112.1
114.28
114.22
120.1
87.06
90.32
118.7
130.74
99.88
75.28
89.9
111.46
98.54
91.52
91.5
111.92
102.54
78.46
121.22
87.12
92.54
107.2
94.68
107.34
104.82
112.02
95.06
108.1
124.18
101.88
88.08
94.88
82.6
103.62
99.28
109.7
92.42
102.44
106.06
83.46
109.04
105.4
106.8
100.26
100.54
80.82
96.42
103.38
83.54
121.4
85.22
95.5
100.74
121.32
102.62
93.7
123.38
123.14
105.16
89.4
84.22
91.64
81.92
89.84
88.46
101.94
112.3
109.48
92.04
87.82
93.58
95.54
84.44
90.98
110.08
95.32
103.38
112.62
100.76
99.38
101.62
91.26
107.4
94.12
96.72
108.22
87.92
87.72
77.8
118.42
114.18
98.2
97.32
114.28
71.58
118.54
83.34
94.12
94.2
80.94
140.34
117.64
114.58
90.42
115.98
122.38
83.14
103.04
117.7
92.24
88.14
85.74
113.08
102.24
98.3
78.6
104.9
98.1
111.62
98.82
82.78
99.38
128.94
103.4
94.32
111.96
110.7
84.54
101.58
91.56
106.5
96.24
88.06
114.78
90.3
111.54
105.86
72.66
87.84
94.2
99.24
94.78
76.58
82.42
85.16
98.04
100.5
90.24
125.24
94.2
102.06
118.76
120.48
99.62
101.26
106.2
115.2
110.64
101.96
91.42
74.24
83.12
105.96
109.96
132.26
124.38
76.88
97.02
109.82
109.84
100.8
91.4
113.34
80.18
133.26
98.6
96.08
88.04
99.32
105.18
79.68
71.48
90.76
112.66
115.04
101.18
114.36
110.76
81.36
84.54
125.96
98.32
120.78
83.9
72.68
122.92
75.9
83.38
98.06
74.66
118.22
104.56
94.74
66.26
138.14
102.48
105.3
95.22
97.34
74.6
68.58
85.68
76.58
102.9
91.12
111.42
100.44
89.58
108.34
86.5
104
105.8
110.06
104.1
117.38
108.68
90.2
99.7
94.5
90.82
102.84
105.7
90.38
89.98
100.28
96.32
129.24
98.52
90.52
116.34
110.42
93.1
86.82
96.04
83.4
95.02
100.36
88.66
106.62
95.4
107.98
97.62
112.36
106.58
106.66
109.04
97.92
103.54
87.92
94.66
123.68
92.68
117.16
102.56
117.26
97.2
84.96
112.82
73.24
99.22
91.54
106.44
70.6
96.44
115.92
98.76
90.64
89.6
108.48
82.86
102.94
99.32
114.48
104.08
92.2
102.78
90.84
98.54
101.72
111.78
96.7
88.1
101.76
102.82
98.4
93.82
109.76
85.62
108.36
105.9
111.18
106.62
88.84
113.7
81.78
87.58
107.52
107.34
89.4
96.76
97.1
94.8
114.84
83.88
103.18
86.08
92.7
103.2
105.56
95.82
88.02
85.72
94.36
92.24
100.36
101.84
91.18
82.78
75.6
88.96
125.72
95.78
103.14
74.6
79.7
101.78
129.12
92.86
93.14
108.02
107.04
100.74
84.36
104.44
111.34
90
87.48
93.28
98.72
134.56
81.92
94.14
113.86
93.12
91.98
107.6
134.48
74.5
131.58
92.68
102.58
100.6
107.12
99.76
118.1
118.02
103.26
91.22
101.14
71.88
121.74
121.32
99.36
95.58
101.1
99.78
88.72
71.7
101.56
113.02
125.36
112.94
98.28
109.14
120.56
89.32
152.78
108.46
111.98
104.62
101.78
120.94
85.48
98.78
72.32
121.06
93
89.98
104.02
86.24
111.24
96.06
87.62
84.04
111.66
67.42
102.78
97.44
101.6
108.2
72.32
114.28
99.28
107.92
103.5
91.42
93.6
104.84
117.56
95.1
90.66
85.84
77.6
102.98
95.62
114.58
102
96.3
80.94
97.26
83.08
132.68
93.62
90.04
87.68
97.28
120.74
82.32
78.84
86.78
78.8
87.74
103.14
115.06
101.3
120.26
114.46
97.34
110.36
100.44
104.96
90.22
101.3
103.92
90.36
106
82.42
92.88
110.18
99.34
81
90.98
99.04
99.36
69.62
88.54
102.5
93.88
101.2
108.32
79.88
90.46
106.54
125.84
79.44
70.64
88.54
88.52
104.08
118.42
106.2
97.46
97.64
160.36
78.86
95.44
88.64
106.66
91.24
78.7
116.36
98.3
103.7
111.28
95.28
93.5
103.52
115.52
107.8
100.9
104.8
82.94
102.68
85.64
72.94
95.9
101.4
72.58
87.32
94.7
77.1
97.46
119.94
94.68
91.86
93.58
107.88
112.22
118.62
91.8
104.16
101.92
104.04
107.42
96.62
94.22
107.52
80.2
92.7
96.12
109.02
98.06
99.9
115.1
108.82
86.26
77.58
74.86
90.08
93.98
94.08
106.9
109.28
99.46
76.98
82.58
91.62
106.02
121.16
117.56
95.74
120.18
78.86
136.94
79.1
95.94
93.74
94.06
76.92
93.92
107.48
99.94
95.24
107.84
111.72
101.04
116.82
99.06
103.48
99.9
91.36
105.58
109.1
93.38
83.1
80.54
97.46
106.44
94.06
82.02
93.1
90.04
99.28
98.02
118.36
105.92
99.94
98.84
110.04
107.3
99.5
132.5
97.32
83.14
96.22
98.78
87.74
104.88
77.2
106.86
113.46
113.24
94.14
78.32
100
98.92
97.24
86.6
98.86
89.28
122.16
92.52
118.04
77.02
125.08
96.84
100.7
80.06
95.46
83.74
96.64
117.56
76.8
116.86
84.68
82.72
76.48
109.5
100.18
91.22
94.96
90.02
108.42
96.82
78.9
102.14
79.76
74.44
95.06
82.78
94.26
95.3
110.52
108.66
91.64
96.84
101.2
89.78
100.08
99.28
82.88
86.7
87.86
74.6
99.26
119.24
112.7
102.2
86.22
91.1
91.96
88.02
94.46
133.14
86.76
103.78
104.08
87.02
97
107.78
113.58
67.34
104.78
106.26
89.8
92.18
97.28
84.52
85.76
111.28
112.66
97.3
103.2
87.2
106.74
101.1
99.5
121.24
111.8
83.3
109.12
76.6
96.88
100.38
77.66
109.08
101.02
83.6
91.86
86.56
76.84
114.64
105.62
89.24
115.44
97.8
87.2
90.54
106.88
112.96
124.14
92.1
108.02
84.16
101.04
106.74
92.64
104.88
78.22
121.54
108.72
98.18
83.38
97.52
104.72
89.42
70.2
82.44
84.44
87.08
73.14
104.42
109.7
105.02
99.78
114.6
94.16
91.6
100.6
104
97.9
99.18
125.62
98.92
98.4
113.84
103.06
88.28
87.9
105.84
103.06
99.44
80.32
99.24
105.7
71.88
85.64
99.04
90.36
117.6
121.04
108.14
110.26
95.54
113.42
109.46
137.58
86.6
118.88
111.4
90.74
87.94
115.96
133.1
79.88
102.68
100.56
96.44
94.72
112.5
93.5
106.4
99.16
118.16
92.12
106.58
101.74
114.96
105.56
84.16
90.58
105.36
100.22
92.4
112.12
97.84
92.54
117.62
129.08
115.1
99.24
91.46
108.84
78.36
88.64
79.32
105.88
98.4
102.48
90.46
71.28
92.4
110.8
86.06
117.14
97.06
115.6
113.06
105.32
97.92
100.1
95.46
97.3
73.88
117.24
89.38
116.94
83.98
109.74
105.58
85.98
95.48
124.6
151.26
121.18
101.7
97.88
109.08
99.3
98.96
104.34
83.1
82.92
94.22
97.3
87.84
118.4
95.08
103.32
107.52
109.72
111.6
88.84
110.24
84.92
96.9
82.8
85.34
83.96
84.96
83.74
92.28
115.86
138.46
98.6
95.58
86.2
99.3
112.18
102.76
111.94
107.6
97.18
103.3
88.22
92.1
99.42
104.16
109.4
135.22
74.5
98.16
117.18
107.76
112.24
98.6
96.68
84.26
99.52
94.9
104.94
85.7
87.02
90.48
108.7
113.8
83.6
93.9
100.66
89.94
101.98
112.28
86.2
70.88
131.2
78.04
102.26
114.18
104.56
92.86
102.98
82.1
104.92
99.32
80.62
78.32
118.3
89.14
114.12
93.58
113.78
95.46
75.86
71.96
86.08
89.08
75.82
101.8
97.68
85.36
85.36
109.16
97.14
87.46
107.1
104.16
111.22
97.78
111.06
104.08
103.74
95.56
87.54
92.02
90.84
112.96
107.94
105.8
79.8
91.6
112.7
85.02
84.48
86.62
77.94
117.7
121.96
131.7
109.58
100.58
95.92
101.02
91.58
104.46
82.26
83.76
112.5
119.02
104.62
111.2
90.36
130.48
90.9
113.48
104.16
115.66
89.02
140.58
83.12
99.96
120.12
71.38
103.88
116.32
92.36
106.38
96.68
86.08
74.68
107.98
83.46
81.86
122.56
86.62
106.08
91.52
84.26
104.92
127.18
95.16
79.7
94.46
92
127.2
106.82
91.52
85.58
95.52
127.26
98.84
87.62
77.36
104.12
94.56
99.78
83.86
101.1
80.72
85.62
102.9
118.44
95.3
92.52
89.4
118.02
102
103
86.88
81.44
117.8
99.98
56.76
108.22
90.7
83.32
88.5
110.8
91.26
76
97.58
112.02
116.1
108.72
109.98
99.82
73.66
110.72
109.78
87.44
100.34
121.38
87.72
98.3
97.58
117.02
68.2
113.36
116.12
105.52
71.4
110.28
98.82
117.12
80.88
98.78
83.88
83
102.02
82.26
104.52
111.78
117.62
105.8
108.68
89.34
77
114.92
88.54
107.78
94.28
92.66
109.96
109.16
74.28
109.1
95.88
104.84
105.36
103.38
92.72
96.1
101.4
115.84
94.42
109.56
101.3
120.34
99.46
116.88
73.26
84.84
114.72
108.44
102.08
94.3
131.48
105.1
154.54
85.4
114.06
107.62
104.14
110.18
120.9
97.5
125.6
79.56
92.86
91.22
108.56
87.78
105.24
102.02
116
128.72
89.54
89.68
99.76
85.92
110.74
71.34
116.46
87.74
106.56
78.66
102.04
99.44
107.24
99.22
102.82
83.88
111.72
94.42
100.2
85.42
81.52
113.98
96.6
107.66
93.02
98.5
84.08
101.32
101.12
99.2
104.44
92.26
105.38
103.18
97.4
90.98
96.46
78.9
113.08
95.24
113.6
90.72
84.7
122.62
99.56
109.24
92.5
96.9
84.36
93.38
104.78
96.92
118.52
95.16
94.42
97.6
98.2
107.5
84.82
107.34
104.02
109.34
118.16
115.8
110.08
106.9
105.22
100.3
97.62
94.88
152
107.4
100.22
115.26
103.1
141.48
107.44
99.48
93.3
92.3
113.3
90.52
86.98
111.58
88.88
102.02
98.52
106.6
72.2
108.62
94.2
98.24
115.66
108.24
86.26
117
82.16
82.26
92.32
97.7
110.42
107.22
109.34
95
91.2
93.14
129.2
92.56
132.7
98.7
88.68
128.08
105.12
104.38
100.5
94.34
101.42
96.76
116.64
107.92
92.66
92.56
112.26
135.92
91.68
99.2
89.62
107.26
126.58
105.46
90.38
120.44
111.7
107.78
93.42
91.68
99.1
98.98
95.88
83.68
97.86
122
128.48
96.68
97.84
95.9
102.36
108.36
91.38
77.76
98.02
90.38
106.06
93.28
113.46
96.5
108.54
116.86
97.38
93.36
107.7
109.78
73.5
103.04
96.94
92.08
97.18
127.72
92.1
104.28
95.94
100.64
105.66
101.92
76.84
123.46
90.8
109.8
126.74
132.74
105.26
122.38
102.9
100.88
102.94
84.78
94.62
122.78
94.76
85.54
118.4
80.12
74.32
95.74
83.04
105.26
115.5
106.62
94.78
89.7
69.38
102.32
100.82
116.36
80.72
95.8
116.06
87.06
98.94
112.5
130.52
92.22
71.5
128.62
103.06
123.18
97.9
72.58
105.6
106.22
121.6
83.66
80.06
79.4
103.26
84.04
85.16
96.76
104.74
98.98
107.62
101.68
137.64
90.06
102.34
99.02
118.46
110.58
121.68
95.88
101.34
98.9
117.24
101.92
105.16
90.52
103
101.98
103.96
109.28
93.88
94.18
85.94
81.28
109.76
108.38
76.62
102.34
105.28
105.52
86.94
95.28
113.82
85.62
81.52
78.26
111.7
93.66
85.4
85.74
99.58
97.96
120.56
91.16
104.96
113.34
92.94
89.52
111.62
109.8
105.12
111.32
89.56
98.32
99.02
127.46
126.68
100.92
92.74
84.74
112.68
96.14
98.58
86.08
76.04
73.94
78.68
88.52
76.6
115.94
78.94
86.6
94.72
125.66
85
104.36
109.3
90.82
73.86
109.16
111.48
103.12
104.94
117.72
106.94
100.26
106.22
89.74
96.62
104.64
91.08
100.26
109.9
104.28
97.56
106.78
99.94
87.46
99.16
94.72
94.44
75.76
105.14
94.32
110.38
104.3
109.76
95.94
91.38
116.82
129.62
120.2
106.38
101.7
88.86
124.1
88.96
114.08
104.76
105.1
98.88
91.76
103.82
103.72
80.98
101.86
120.04
97.28
91.14
112.64
117.34
131.8
94.16
88.42
78.2
94.64
90.88
82.26
85.16
110.42
95.42
75.92
106.72
121.62
97.92
115.06
92.34
93.08
104.6
120.62
86.44
87.94
107.72
96.38
102.54
112.94
109.16
129.28
119.36
78.58
100.36
113.88
99.64
137.8
102.16
131
127.68
119.04
106.52
95.14
86.88
130.42
81.58
117.38
106.44
127.52
118.44
94.82
109.04
94.7
91.36
77.5
101.48
103.9
77.12
98.56
103.64
108.28
122.96
105.84
100.56
133.44
102.56
133.18
106.48
75.3
98.62
107.14
83.98
77.38
97.22
92.96
160.32
97.72
118.34
92.16
82.64
95.36
132.04
87.94
113.98
108.8
103.98
92.48
119.98
101.42
83.54
93.02
98.7
79.18
107.6
73.08
48.42
105.82
115.32
120
115.04
82.9
75.32
115.38
96.5
72.2
107.04
85.04
95.14
95.52
95.06
103.6
84.5
94.52
93.06
108.82
103.02
92.32
121.64
88.26
105.96
101.98
80.82
111.4
80.16
111.36
111.74
82.88
105.28
108.08
96.34
80.84
115.12
112.86
89.9
109.78
93.44
91.72
98.68
102.94
98.5
99.64
71.94
92.1
84.16
105.36
116.86
97.56
127.2
105.74
100.3
80.96
82.74
84
87.84
110.66
96.12
93.92
118.28
92.58
81.46
106.6
106.24
90.78
92.18
83.04
116.68
73.16
96.06
105.64
95.72
79.36
109.08
96.98
101.26
102.68
87.74
70.12
118.32
95.34
72.72
98.56
116.02
102.2
99.7
116.48
92.78
85.44
95.68
90.08
100.42
93.5
125.98
96.36
90.22
103.8
109.34
89.3
101.38
93.48
91.2
103.16
71.7
113.16
124.74
114.94
68.42
88.14
127.48
89.58
98.52
117.12
107.06
117.56
82.54
84.38
81.14
77.34
109.8
111.56
103
95.9
91.44
116.8
98.54
104.88
89.62
98.18
100.72
107.54
87.76
95.38
83.92
108.82
95.62
105.5
95.18
128.64
85.54
109.26
95.9
110.74
113.04
110.08
98.02
91.06
95.54
72.74
106.62
106
106.14
86.26
88.58
78.64
89.8
131.24
118.6
89.58
97.28
76
109.6
99.78
109
87.84
98.84
92.28
86.5
86.28
114.18
83.64
83.1
91.74
116.02
99.28
132.26
106.26
98.42
101.3
96.38
105.02
107.18
99.8
81.54
100.32
92.12
107.34
110.84
80.52
100.08
84.92
75.98
94.98
87.02
90.76
77.94
89.46
134.46
103.58
115.5
95.54
99.5
82.24
105.02
98.1
83.08
109.1
86.3
94.4
101.74
118.36
101.06
120.88
87.7
69.74
91.34
111.78
104.42
104.24
103.54
113.5
80.38
81.24
92.78
111.18
91.3
117.18
93.04
92.38
87.1
91.94
111.92
85.96
99.52
87.08
96.56
94.64
102.38
80.92
132.22
82.32
122.1
94.32
104.02
120.64
90.36
98.38
105.72
85.06
89.3
81.5
110.82
108.76
111.08
99.3
100.46
142.66
90.5
96.92
89
104.8
107.76
120.86
88.84
90.92
98.92
91.04
104.96
105.34
119.98
76.46
113.86
96.66
98.36
104.02
96.46
102.44
109.16
106.8
88.58
92.72
102.44
106.88
99.48
100.3
96.86
73.84
96.04
90.26
102.04
101.04
101.06
95.24
86.52
103.88
106.14
87.6
71.4
91.34
103.04
134.08
98.36
134.14
109.54
85.6
102.14
102.26
112.56
101.98
107.14
74.32
103.46
92.58
96.54
94.02
100.34
84.98
99.62
110.12
71.16
100.14
89.44
97.36
84.78
94.94
90.22
100.98
117.3
76.24
79.84
69.88
90.36
91.22
96.68
73.96
60.6
92.44
101.88
104.72
96.88
87.74
79.16
82.42
84.46
98.98
113.28
112.76
97.52
89.22
99.98
90.88
84.56
100.48
87.44
79.22
125.64
130.64
103.74
80.74
103.36
87.76
97.64
100.04
91.46
87.04
88.74
93.86
96.28
104.06
95.5
92
103.04
84.8
130.28
100.4
97.66
110.42
93.02
96.16
80.4
93.54
85.76
100.66
91.96
122.06
100.24
123.48
100.42
114.78
84.16
106.62
78.6
106.12
109.14
84.72
106.02
124.62
112.52
92.56
97.42
82.9
68.96
89.68
93.4
106.24
116.34
99.26
99.48
105.4
100.96
98.8
129.5
96
83.74
118.7
100.78
77.36
94.74
81.64
107
95.94
104.42
115.2
82.64
98.6
107.84
96.04
104.78
119.02
82.58
90.04
117.56
89.8
100.74
96.68
119
78.86
97.74
106.14
79.72
96.32
103.78
102.36
95.98
97.54
99.52
111.18
95.66
80.34
114.4
107.22
91.1
113.92
90.2
85.48
102.12
92.42
86.38
81.28
104.92
104.5
67.52
98.72
95.52
95.76
100.92
111.72
135
100.76
107.4
113.58
86.8
136.7
98.48
82.72
90.1
84.78
104.34
97.9
121.34
88.22
112.6
94.06
114.2
102.74
93.98
88.5
79.1
101.28
132.72
77.12
89.14
111.78
102.44
106.98
120.78
105.5
108.16
91.04
94.52
105.24
113.86
111.54
122.88
97.92
99.54
91.6
105.5
72.76
94.3
78.64
102.72
107.98
116.86
90.06
89.76
97.98
95.8
105.9
100.92
102.2
90.46
99.6
84.5
103.7
96.28
107.1
99.02
108.3
100.4
127.1
97.04
122.4
77.46
100.22
106.78
110.04
104.36
105.82
119.02
95.08
78.82
121.62
74.12
94.06
94.74
89.56
107.38
116.72
116.3
97.9
96.12
107.94
78.22
99.32
91.88
125.44
86.14
64.54
108.82
131.96
98.28
96.18
80.72
91.4
72.14
104.7
82.1
113.42
104.82
68.98
88.3
131.78
83.74
121.88
92.66
104.1
107.02
120.78
89.8
91.84
90.16
100.48
97.52
79.48
95.12
106.62
90
98.36
99.22
103.48
95
88.24
110.16
110.72
79.02
84.18
84.34
108.74
92.72
80.28
87.1
80.28
99.66
81.24
116.36
87.54
113.62
99.72
94.38
91.34
98.66
97.7
85.74
106.84
92.2
84.62
91.2
71.28
88.76
98.32
116.82
103.38
81.36
99.74
81.98
78.92
85.42
124.5
100.96
91.9
110.52
82.44
112.9
120.06
126.34
101.6
69.86
102.26
87.28
124.2
102.9
109.08
112.46
96.7
117.32
91.42
74.52
103.28
99.36
115.12
91.62
88.74
109.26
101.28
100.58
109.36
86.44
95.78
88.26
93.92
101.38
102.62
88.7
109.92
106.88
81.94
93.48
91.7
123.66
75.56
82.22
109.32
98.48
70.8
117.64
113.66
88.92
111.04
99.54
79.9
94.08
112.68
98.28
124.4
84.06
79.6
93.94
106.76
84.26
109.48
84.06
84.2
128.42
77.46
119.5
105.04
104.14
94.42
105.9
95.62
117.34
105.82
93.18
90.34
78.76
122.18
100.62
127.64
113.3
100.66
104
109.82
95.56
74.54
87.32
87.24
101.8
86.42
106.8
99.22
120.48
112.82
81.84
95.74
97.86
98.72
85.16
98.4
92.92
88.64
102.86
91.86
94.5
98.34
100.34
107.28
106.02
127.04
87.7
90.04
125.56
96.9
107.82
85.7
97.52
78.22
90.84
116.04
87.68
96.76
98.52
112.68
99.48
102.54
96.78
103.24
111.48
95.06
92.42
85.92
91.16
109.5
101.62
101.68
101.64
84.22
91.6
92.84
85.24
81.4
120.68
86
99.58
94.38
96.56
105.28
112.94
117.68
103.22
99.84
98.58
87.42
86.86
81.78
90.82
95.08
115.3
84.76
124.46
83.62
92.92
107.24
87.96
102.04
89.9
98.5
110
114.26
75.58
94.18
96.02
111.52
86.28
97.06
86.82
107.86
115.38
129.04
94.46
107.96
79.72
103.96
103.78
104.44
134.38
101.36
95.26
108.8
112.2
82.84
89.64
86.98
84.24
108.34
119.42
71.42
105.76
79.2
112
108.56
82.2
112.04
121.58
121.36
87.36
99.32
98.5
102.8
82.34
72.4
110.86
103.86
104.9
101.8
89.82
113.34
83.04
97.6
85.34
121.34
110.42
86.42
121.64
78.36
106.54
121.02
100.48
92.54
111.02
105.82
93.56
87.4
124.7
94.38
88.84
105.5
73.92
109.74
85.1
77.32
108.24
100.26
79.58
97.36
89.68
109.52
107.58
105.4
106.06
94.7
96.94
81
74.22
101.42
109.64
103.22
99.14
99.12
95.58
86.04
114.84
62.28
81.28
94.02
106.24
112.54
126.22
98.1
86.36
109.88
103
85.28
95.5
115.46
95.12
88.18
105.14
103.86
95.9
127.58
91.76
110.2
100
102.4
84.76
122.3
89.46
97.58
110.74
117.82
115.26
74.98
107.88
115.42
98.16
72.64
109.44
123.94
102.96
104
91.94
94.06
90.44
89.82
127.02
103.54
86.5
151.28
79.76
111.62
81.88
105.14
112.26
105.52
88.7
81.02
121
97.72
121.58
92.1
96.12
88.54
85.54
116.22
125.48
96.92
108.5
77.44
98.86
112.76
86.66
105.36
88.48
100.86
92.8
101.26
121.32
108.8
79.72
90.5
106.62
108.82
132.36
92.08
104.2
125.28
72.46
147.44
118.32
101.5
102.06
84.1
112.46
91.46
119.66
97.12
96.04
90.06
105
73.06
86.52
96.04
83.66
105.84
96.54
78.14
100.86
89.16
77.48
92.82
97.46
89.12
93.52
76.74
94.28
98.9
88.9
77.38
100.38
112.06
88.1
90.96
92.86
102.72
90.36
92.82
85.02
104.24
94.36
97.64
107.86
115.76
103.3
110.86
117.76
78.12
74.68
87.36
78.18
125.26
110.36
96.16
99.14
87.36
101.78
91.32
114.3
84.2
113.48
110.7
96.86
93.02
108.9
95.04
132.92
91.18
118.56
91.08
71.08
68.54
74.92
107.1
99.9
90.48
108.3
100.02
77.56
97.38
114.46
98.8
100
100.32
83.86
89.62
71.52
128.26
87.52
105.76
81.1
139.12
102.26
120.78
105.9
120.82
69.7
93.42
99
109.5
85.62
86.68
76.5
122.24
93.02
82.18
95.24
96.54
103.74
97.7
78.78
94.64
108.18
111.84
89.54
115.36
102.94
80.04
92.12
98.1
83.24
119.6
101.24
95.4
88.12
93.28
102.98
130.44
122.98
86.1
114.16
98.76
103.52
117.58
103.28
115.04
99.72
96.28
105.26
107.7
94.78
125.56
96.06
114.08
112.96
83.88
98.88
86.72
108.54
104.32
121.28
112.04
87.94
96.9
93.34
99.68
94.26
68.48
109.04
97.8
97.36
107.68
93.08
107.28
100.58
94.74
83.28
73.02
93.9
97.54
115.02
125
96.5
86.7
113.46
85.74
110.62
88.76
103.02
121.5
105.14
93.64
106.76
117.38
117.24
73.62
90.06
101.72
149.5
84.18
90.36
118.24
111.44
93.74
101.76
74.8
102.58
86.5
98.54
67.58
93.74
104.44
75.42
84.14
98.4
81.64
76.14
104.46
93.92
96.86
90.08
89.3
114.54
117.42
103.42
78.3
138.64
94.74
96.7
86.84
95.38
78.86
96.06
81
96.76
90.98
95.76
91.32
95.88
98.92
86.74
96.56
104.3
86.84
85.56
92.12
91.76
92.36
110.14
99.76
113.04
98.46
107.88
124.82
118.72
104.48
82.72
111.08
98.76
111.68
85.3
104.66
89.74
101.64
93.06
100.62
124.76
87.64
109.5
118.94
97.38
92
83.34
96.58
115.56
89.04
83.98
92.42
100.7
94.4
101.72
110.7
104.12
95.62
136.28
110.88
90.62
117.94
116.04
102.8
102.64
117.1
75.86
132.34
98.02
75.88
85.28
123.44
94.02
97.94
106.54
109.9
92.9
93.8
124.58
93.66
82.88
84.14
114.06
106.66
102.92
89.78
85.3
90.22
73.12
114.24
89.98
103.62
91.78
93.32
109.02
88.02
103.32
112.14
120.92
97.24
88.56
69.58
100.26
91.1
123.74
95.36
101.98
114.06
112.06
99.44
115.3
83.92
104.26
91
93.42
83.4
96.56
98.58
110.08
118.52
92.54
108.02
111.38
98.94
92.08
91.56
98.68
90.38
83.96
108.68
103.38
83.28
108.76
105.3
108.08
80.66
100.98
99.58
111.72
89.58
121.1
98.14
98.88
108.22
81.8
107.64
90.4
128.18
102.64
90.16
88.62
97.06
97.34
85.38
92.48
89.78
87.78
94.62
96.54
90.56
82.36
73.72
121.62
106.04
89.04
110.2
76.24
111.22
112.62
101.08
93.5
101.5
106.86
63.1
78.78
110.44
92.26
70.88
114.12
81.08
101.12
123.22
91.7
88.38
93.16
80.16
82.62
102.82
89.8
111.64
90.76
109.52
70.56
93.68
86.04
116.76
98.96
87.22
86.96
98.6
88.72
107.66
95.32
82.26
78.2
84.86
107.28
71.4
121.82
90.66
85
92.08
103.12
118.64
97.22
109.1
107.46
114.22
81.18
88.66
105.72
95.94
109.5
84.82
116.38
94.66
93.98
70.66
109
78.32
102.48
100.72
105.86
118.84
86.62
79.62
97.46
108.72
73.16
92.64
111.08
94.14
90.92
89.76
107.52
93.98
111.1
80.18
89.6
126.76
71.3
60.22
100.68
96.22
106.98
85.48
115.76
74.86
75.4
93.08
79.88
94.24
99.98
109.92
96.82
83.62
99.44
109.14
109.34
98.58
120.18
89.16
94.7
87.98
125.32
101.98
78.84
79.94
108.94
123.52
98.62
100.16
93.52
100.14
90.16
93.14
89.7
101.82
109.38
89.56
90.46
125.44
95.98
112.4
113.66
116.22
121.04
103.48
105.6
86.36
102.96
92.32
110.08
104.1
116.26
113.6
70.54
121.76
91.72
86.44
123.92
104.2
101.42
102.7
105.76
98.52
76.94
78.5
105.52
118.7
92.16
103.38
104.46
102.4
85.6
102.06
91.86
113.24
97.48
106.1
83.44
76.74
110.52
106.06
113.44
75.88
112.84
119.12
109.34
88.62
82.88
99.28
107.92
118.74
94.2
96.98
76.62
125.1
88.62
117.94
107.5
95.38
112.54
129.44
113.26
73.94
85
103.38
73.94
105.92
90.92
105.56
103
95.98
95.42
79.96
92.92
87.48
101.3
86.14
135.9
95.1
100.3
88.46
104.62
100.38
72.52
89.74
95.2
127.42
93.2
82.78
105.02
117.52
113.46
93.98
99.82
81.9
129.92
110.02
90.96
75.32
103.02
80.14
96.92
102.78
81.82
82.6
120.42
94.18
106.68
92.58
96.82
115.32
110.52
93.78
90.66
77.72
90.58
102.8
97.26
85.22
98.98
120.66
105.12
97.72
102.98
99.76
98.64
97.2
96.78
101.16
101.68
86.8
95.26
118.22
90.62
80.44
81.86
98.74
85.72
113.62
77.84
125.62
93.26
116.06
112.02
78.04
79.32
105.52
101.48
101.12
111.1
107.36
93.7
99.38
113.54
123.9
87.58
87.16
96.48
101.26
103.38
80.14
128.5
83.74
95.18
96.1
90.02
85.84
98.66
89.8
102.34
118.42
123.16
113.72
102.18
88.92
98.52
99.78
115.18
86.56
114.26
138.96
91.74
98.16
115.1
97.52
93.42
94.8
93.02
88.72
92.94
101.28
105.24
96.78
99.02
105.26
95.04
104.14
95.58
88.44
101.84
129.52
104.28
92.32
93.34
86.34
103.3
103.36
96.3
127
97.14
105.28
107.5
84.88
85.06
91.26
80.66
89.68
95.36
90.14
102.72
101.9
93.62
97.26
110.78
82.24
110.68
112.82
82.58
127.5
120.36
88.94
98.06
103.66
85.1
93.24
119.36
95.94
102.34
81.56
92.16
93.24
120.7
126.9
157.92
110.34
95.7
76.12
87.84
86.1
103.16
95.18
102.64
89.16
111.72
106.48
86.34
83.38
97.62
106.46
95
79.7
108.58
116
106.88
113
78.14
80.7
108.88
106.74
100.84
106.22
99.26
86.2
108.24
106.62
85.12
125.88
99.12
102.58
104.74
115.36
123.1
109.4
111.1
107.08
73.02
88.06
93.3
77.72
112.88
95.82
127.46
94.66
111.32
95.52
97.9
111.06
109.04
117.8
92.68
97.74
104.24
96.58
94.24
96.9
130.3
99.52
74.98
112.22
91.62
91.84
91.46
99.58
83.28
94.7
112.5
104.12
113.3
106.58
85.24
97.74
112.64
78.42
88.06
119.4
123.66
65.6
109.52
96.22
78.62
99.2
116.34
81.9
106.66
109.64
85.08
98.68
83.74
107.26
96.34
107.04
102.74
116.82
116.98
103.52
101.82
105.54
100.72
99.18
77.72
86.46
81.18
122.04
99.12
97.84
93.1
108.88
104.2
105.86
103.46
78.18
116
109.12
91.12
99.56
111.14
115.42
112.92
115.92
121.24
94.66
107.88
104.28
103.84
101.96
78.8
82.98
122.04
121.44
89.68
91.32
87.22
99.4
102.22
99.44
104.88
103.36
110.98
97.86
86.18
120.6
107.94
100.28
90.8
104.66
98.7
110.5
127.46
123.12
95.12
110.88
100.3
112.82
84.14
88.96
92.4
93.94
99.32
115.4
118.88
85.64
95.3
122.02
103.48
101.34
82
113.86
79.32
100.76
105.64
111.94
91.06
69.16
111.28
77.72
120.5
92.98
120.6
96.04
84.58
99.7
85.62
113.08
103.48
94.24
110.1
117.74
111.08
94.2
82.74
98.5
86.38
111.4
93.6
84.22
130.48
120.24
91.58
99.24
69.68
120.34
97.48
105.6
103.48
100.96
99.9
90.34
116.72
89.46
101.32
108.04
77.82
113.46
96.38
105.5
88.24
89.98
134.92
72.64
81.6
123.18
121.14
101.62
87.5
100.06
97.3
94.24
93.18
89.24
95.72
91.46
107.34
90.14
103.26
95.42
104.02
96
65.56
100.4
127.54
81.6
107.22
104.78
67.46
85.08
79.74
117.68
102.46
86.06
114.88
98.1
86.16
81.26
131.88
95.58
77.34
76.38
104.62
96
103.56
106.34
129.78
102.48
90.62
95.28
91.34
79.56
85.72
95.98
107.86
117.98
97.18
95.96
81.48
111.44
95.44
79.7
112.04
125.74
88.18
94.9
104.24
77.74
90.72
115.64
104.6
93.58
88.96
104.16
83.46
107.18
74.72
90.02
95.02
91.54
101.66
100.08
107.02
86.88
94.54
95.06
96.96
101.4
101.62
67.74
114.86
98.08
97.78
124.92
92.9
74.6
87.46
113.28
96.16
96.36
103
100.04
94.7
90.72
140.38
90.88
98.3
96.26
105.96
96.08
103.34
95.12
111.82
87.88
96.88
84.52
96.84
110.92
98.94
118.1
107.78
93.2
123.74
85.24
99.36
85.32
73.26
124.38
101.54
70.08
99.46
81.68
93.46
115.36
106.18
82.72
88.22
121.62
114.26
97.84
94.8
81.9
118.56
97.34
97.54
93.3
84.64
90.8
82.1
106.7
87.48
109.78
112.02
85.76
102.3
92.84
115.44
106.04
91.32
98.22
124.68
105.18
113.06
100
106.6
108.68
113.24
80.64
121.9
73.5
82.14
124.62
98.42
106.22
114.06
112.82
134.6
99.04
112.2
113.74
107.82
96.16
118.56
92.54
108.18
91.88
96.56
86.88
80.46
113.44
88.3
117.56
126.14
118.02
101.54
94.82
90.3
115.54
88.26
80.34
113.34
113.62
106.94
122.18
77.5
94.32
88.1
101.24
96.74
143.1
107.34
108.04
95.6
98.76
103.36
109.52
102.72
88.04
122.38
122.92
100.38
87
120.3
84.36
96.18
81.38
82.24
106.8
104.44
93.28
102.74
95.18
96.6
82.02
94.54
84.84
101.68
72.3
88.36
70.92
106.32
89.52
103.4
100.12
78.06
95.06
132.86
104.18
91.4
109.72
97.96
98.88
99.8
103.46
85.92
93.1
92.74
113.24
98.14
91.94
94.14
97.12
103.96
84.56
100.84
101.42
106.78
71.92
92
115.88
101.36
112.1
97.68
110.22
91.04
95.58
92.38
87.4
93.68
118.5
83.7
96.22
118.88
88.82
94.1
108.1
104.48
85.88
93.04
89.84
105.24
107.56
95.28
88
109.28
83.5
78.24
90.2
105.48
106.34
123.72
124.78
105.56
86.26
104.02
105.78
114.14
105.76
80.06
110.7
94.3
80.62
89.94
118.8
96.48
93.62
106.12
103.6
106
102.68
108.88
95.42
103.34
98.06
89.78
119.84
104.66
98.18
75.76
113.68
125.3
93.58
90.36
98.4
92.3
95.7
102.64
122.6
128.72
91.86
91.12
134.54
109.44
89.56
61.62
95.16
103.26
80.3
101.72
124.86
98
113.42
110.76
89.46
113.2
119.1
96.98
88.32
106.12
110.94
76.94
96.12
92.58
120.4
110.02
100.92
121.86
109.14
84.74
116.84
101.94
112.1
108.34
103.52
84.6
89.14
108.06
105.34
95.1
96.12
103.98
99.98
117.4
74.68
110.1
87.78
74.12
85.2
81.04
83.76
102.96
88.52
113.88
126.98
128.36
104.58
100.9
101.36
101.52
105.9
113.66
130.12
98.38
91.24
141.86
90.36
111.92
124.46
86.2
79.04
94.52
84.16
78.16
69.68
102.36
120.44
114.08
108.68
100.06
111.16
100.32
119.3
101.56
85.74
84.48
104.5
74.98
122.18
117.72
104.36
111.62
100.98
106.68
118.4
94.16
107.98
126.56
120.68
103.78
93.28
107.4
92.8
86.04
87.26
130.38
83.38
89.5
119.44
94.7
89.54
115.26
85.66
98.6
94.46
71.54
93.64
76.64
104.98
113.3
99.24
75.58
85.86
67.5
109.08
111.52
94.18
118.1
86.92
77.28
106.38
94.82
89.72
91.4
91.22
102.7
85.04
105.32
137.26
84.86
123.46
117.34
109.52
83.94
108.02
102.04
88.98
98.36
89.64
93.28
92.5
83.44
95.7
78.94
128.98
115.22
83.32
113.68
87.18
103.64
119.04
115.94
90.82
97.72
87.62
121.46
82.26
101.56
84.58
88.86
74.2
108.06
128.92
107.32
126.34
117.18
77.28
83.7
91.94
83.94
91.86
148.48
89.38
91.34
94
95.18
93.5
70.32
94.92
93.98
85.56
91.18
94.16
99.1
116.32
109.44
98.76
90.32
111.68
92.68
103.2
100.46
97.22
94.74
103.26
70.98
78.78
114.54
101.84
97.72
89.9
97.44
98.44
96.58
97.72
99.3
91.52
122.4
82.26
96.66
110.38
98.08
92.36
81.44
91.38
90
115.96
84.12
82.04
107.92
91.32
114.5
110.02
104.38
109.7
112.24
71.34
113.36
89.54
71.82
104.86
102.98
103.6
100.38
99.92
98.48
88.2
112.06
107.32
86.84
80.92
105.5
101.46
86.62
86.6
112.86
94.78
95.82
86.28
90.62
96.16
87.26
83.36
88.02
125.42
115.68
85
118.52
112.22
103.64
122.76
88.2
83.28
106.68
92.68
130.38
125.52
105.84
97.68
98.72
112.84
107.16
89.84
112.62
117.74
95.06
119.52
96.66
85.84
113.14
101.08
100.94
95.58
89.24
94.14
83.94
73.02
109.96
105.98
83.42
116.42
113.02
115.36
70.22
83.26
109.72
94.08
83.74
100.22
91.62
89.9
97.62
117.92
90.5
97.62
108.08
102.12
107.66
127.02
76.24
96.44
105.9
90.86
80.52
97.1
82.9
110.06
83.06
80.22
93.64
75.84
108.36
88.42
91
122.54
96
104.18
110.44
92.06
95.7
89.42
86.84
103.74
89.52
106.7
93.94
99.4
113.72
125.62
101.56
80.62
96.18
113.24
94.26
103.8
112.08
97.12
79.14
110.06
133.42
93.9
81.54
113.74
91.68
111.34
139.32
93.66
68.7
102.72
86.66
130.16
82.88
111.5
89.38
103.86
107.02
121.94
110.34
107.12
89.08
103.02
94.8
116.88
108.98
96.18
87.58
106.48
84.44
127.12
89.58
97.64
108.14
94.76
88.26
88.82
90.76
112.92
97.18
109.1
83.84
97.2
122.38
74.48
85.48
110.56
75.38
85.58
90.6
82.3
93.32
82.5
90.04
94.74
125.88
114
95.98
88.54
85.38
97.74
76.3
80.7
94.22
93.32
78.24
119.46
112.64
131.84
98.56
90.84
115.86
115.36
88.18
97.96
116.48
101
89.2
91.4
87.62
102.22
98.32
86.04
95.04
89.82
90.3
118.86
110.76
90.38
81.4
99.06
86.84
111.5
93.82
90.8
105.36
87.98
87.9
113.96
101.26
85.96
95.24
103.26
95.48
96.46
110.14
79
107.62
79.12
79.98
105.38
99.4
91.42
90.1
100.76
102.14
104.34
113.42
102.38
130.76
118.26
100.38
78.44
103.02
111.4
92.4
93.46
88.2
96.58
103.26
93.88
116.8
76.82
104.96
103.18
108.32
95.62
108.92
91.86
101.18
117.42
92.54
123.2
86.12
75.6
104.12
112.24
113.72
92.66
83.58
94.12
93.28
101.7
112.62
120.34
80.92
130.12
119.1
122.38
102.84
91.86
103.78
112.42
104.28
114.88
93.64
90.96
116.98
88.18
113.26
99.32
87.86
101.26
85.82
117.68
91.18
102.5
129.24
79.44
86.1
101.64
99.86
140
92.82
77.82
81.66
100.58
132.92
104.94
92.7
115.4
115.82
100.98
83.14
109
125.26
85.78
79.96
89.92
85.76
98.38
117.12
125.5
103.96
91.48
105.12
122.12
93.76
63.72
93.26
95.4
106.82
106.26
108.36
75.08
107.62
93.42
96.68
98.26
119.74
93.04
96.84
98.22
103.28
81.94
105.4
110.88
80.58
112.46
100.2
112.16
94.1
88.3
96.36
91.08
109.74
126.28
88.54
101.78
102.38
105.6
112.82
96.9
102.58
92.92
89.82
80.6
84.64
97.76
90.06
85.14
102.94
106.26
122.9
119.42
95.2
88.22
100.68
109.2
98
136.54
99.16
102.16
108.46
84.26
111.84
91.84
91.36
109.36
108.24
113.88
108.06
77.1
126.88
87.32
104.2
122.82
92.22
93.24
91.46
104.04
75.82
100.6
95.2
74.8
137.98
103.3
92.02
95.26
106.68
87.42
103.56
126.3
118.6
127.22
108.54
109.6
112.06
110.46
119.96
87.44
114.96
84.54
96.34
105.92
108.74
118.34
117.16
103.2
115.3
96
80.48
94.74
92.6
102.1
96.76
99.9
98.1
100.6
82.58
132.76
103.2
97.9
103.94
126.88
108.9
109.32
101.74
97.26
111.68
81.16
142.52
86.94
102.42
116.14
89.36
109.54
93.44
111.4
111.78
103.86
99
113.92
107.76
84.46
104.52
95.46
113.88
85.08
65.86
93.9
101.34
99.6
104.76
102.96
91.14
89.82
91.66
127.58
103.7
104.52
93.6
88.28
95.4
96.44
100.38
96.38
89.72
116.1
112.84
100.06
114.06
110.86
63.66
99.12
104.94
87.44
109.38
83.54
84.04
102.62
100.24
91.8
130.04
92.82
108.22
89.86
91.76
88.76
75.48
104.54
94.6
94.14
113.5
79.06
108.1
127.94
105.36
89.06
107.14
115.64
95.7
84.96
96.84
95.46
108.14
110.74
95.4
93.26
100.68
95.2
122.5
112.74
108.96
95.44
115.2
89.4
121.34
109.38
95.54
96.08
77.9
124.8
106.72
93.94
97.28
113.5
81.98
112.14
105.24
86.84
113.1
109.98
99.34
107.18
111.04
103.94
86.62
100.88
85.26
108.5
97.2
81.62
84.3
100.82
99.78
110.2
120.76
100.58
97.82
103.84
109.14
92.3
88.68
118.58
124.38
76.14
123.56
101.62
93.72
98.2
70.14
107.82
89
89.8
90.48
80.34
100.86
95.02
81.78
105.48
114.56
103.14
89.76
118.72
94.6
101.66
108.36
121.7
109.06
101.44
86.98
109.56
87.3
82.34
114.74
92.78
88.06
96.42
86.18
151.56
106.82
106.14
79.2
111.22
106.56
95.32
112.9
89.86
64.68
99.32
99.58
69.54
84.92
94.86
123.52
98.48
80.84
100.8
81.8
79.66
107.86
83.18
106.26
78.7
119.48
92.34
86.7
110.56
97.26
100.66
91.56
121.86
110.96
84.3
114.3
98.8
100.74
80.54
87.22
87.56
118.4
101.5
86.96
108.7
100.44
113.94
122.04
97.38
100.02
90.98
90.02
111.98
95.4
95.22
106.86
107.9
103.36
93.32
122.56
82.18
87.24
79.46
124.5
111.94
102.74
80.98
138.3
95.74
93.74
90.88
81.1
95.26
84.12
87.24
87.48
117.94
97.32
105.8
95.8
97.6
86.44
87.8
112.96
125.6
98.14
92.1
113.1
119.18
104.76
85.64
108.96
126.22
111.06
102.36
134.9
96.36
97.22
99.16
79.96
81.22
114.66
96.2
82.34
124.72
90.28
125.32
82.78
70.64
98.58
119.92
77.28
95.64
111.96
128.48
91.98
92.58
98.48
125.26
108.14
90.26
113.16
78.52
114.14
79.8
89.72
106.92
113.06
94.52
91.5
114.12
89.06
112.28
95.66
93.06
93.08
95.4
91.22
108.94
102.04
103.88
122.78
86.18
76.52
78.14
112
110.44
94.38
81.9
102.14
91.38
99.32
89.2
118.74
86.34
91.5
102.36
124.96
84.84
128.34
96.06
84.1
83.74
85.98
114.76
95
88.18
119.54
83.56
84.98
105.88
96.86
104.08
93.66
99
98.16
98.54
124.74
94.56
103.16
98.42
82.44
95.1
113.72
90.6
93.48
125.68
110
95.1
80.4
76.22
134.12
105.28
97.94
92
97.14
112.16
83.6
88.96
84.98
111.06
103.4
95.18
81.66
91.76
93.94
112.44
97.04
90.84
111.36
86.34
115.02
112.96
116.14
84.06
129.22
94.68
98.2
73.84
76.9
96.52
112.18
97.5
72.66
90.9
113.16
81.86
126.82
120.22
95.66
123.48
107.88
134.06
89.7
113.94
110.3
93.7
98.18
110.36
121.1
113.06
119.82
94.14
78.38
99.28
79.24
72.88
98.22
96.62
86.32
92.78
84.48
98.6
100.28
120.62
82.36
103.3
86.6
127.94
98.22
105.54
87.94
109.8
96.68
104.42
102.12
105.2
97.92
113.04
80.26
103.1
100.2
112.04
98.46
109.6
104.36
92.4
86
93.18
62.36
87.64
99.96
112.24
61.22
103.14
137.3
72.3
112.36
98
116.12
99.66
69.98
107.78
97.62
82.68
100.38
123.14
101.12
97.02
112.08
83.18
121.52
99.14
75.52
110.86
93.94
99.08
102.08
66.98
99.4
102.94
85.24
89.46
108.74
105.98
79.92
97.86
97.76
104.64
81.92
99.46
94.52
103.5
78.06
104.16
113.34
95.7
102.66
78.86
99.46
110.62
93.76
121.1
104.6
95.16
105.72
89.4
120.92
92.84
94.6
88.4
105.26
99.88
99.72
81.32
83.26
110.96
88.24
83.76
116.32
77.2
75.9
74.2
98.28
94.5
103.46
89.2
90.9
89.88
87.62
99.82
114.18
85.78
90.26
85.5
111.4
84.04
108.76
107.38
117.9
106.8
102.98
103.5
82.8
91.38
88.6
85.62
90.5
111.08
104.34
96.08
98.42
86.8
133.26
98.42
108.2
106.66
109.7
112.92
105.14
114.42
101.7
104.68
99.5
82.84
108.72
107.22
114.6
103.2
116.34
102.14
79.2
99.28
109.4
108.68
116.52
80.94
100.92
102.52
120.62
95.08
98.18
85.08
112.92
96.08
81.56
86.8
98.8
121.12
98.4
108.26
84.1
104.26
110.14
95.26
100.62
105.8
88.54
82.82
118.18
104.36
79.88
105.76
85.28
113.62
77.4
97.12
104.96
85.02
94.94
128.68
106.16
111.24
99.34
86.02
101.06
97.26
133.62
115.48
111.84
98.9
107.24
120.34
101.74
93.26
93.4
96.6
105.56
114.1
86.3
92.14
103.46
111.84
76.92
84.52
97.14
86.82
93.9
91.24
93.58
74.52
86.36
130.66
90.26
92.52
90.8
116
102.2
71.84
97.74
118.36
98.56
104.3
104.34
120.82
80.54
103.6
115.96
109.74
88.76
114.5
106.08
103.92
107.92
73.28
97.18
115.86
96.46
94.4
86.24
116
69.86
90.64
106.98
92.5
94.42
104.6
90.92
81.68
85.92
109.96
87.66
102.86
88.94
95.52
97.36
85.8
84.42
87.02
80.62
105.18
91.4
97.56
90.48
100.78
97.94
102.14
108.96
101.42
80.02
105.26
81.8
80
101.42
71.26
95.36
113.2
110.56
97.06
119.34
89.56
115.12
102.66
102.48
110.4
125.94
95.6
125.5
106.12
83.94
64.48
82.74
97.54
79.62
108.04
91.64
98.28
77.24
118.68
98.98
97.76
92.08
104.72
123.36
78.28
86.42
88.94
100.72
91.5
101.98
94.22
116.24
78.52
112.58
104.94
92.12
86.78
108.04
98.74
88.92
104.66
101.02
102.16
97.08
109.62
102.6
98.66
96.9
128.32
106.42
78.24
94.78
105.06
120.26
95.14
111.2
100.48
114.84
108.84
125.7
96.12
87.28
101.9
99.46
127.46
86.84
97.46
121.22
92.22
139.84
86.72
75.52
96.94
113.66
88.14
106.1
99.94
83.4
93.32
106.52
90.04
99.44
115.08
79.92
105.62
115.9
87.18
100.24
97.46
124.66
108.64
89.32
108.58
102.84
92.28
85.4
82.56
103.02
119.96
110.84
77.68
106.82
108.18
106.2
110.68
87.8
109.84
81.9
93.48
85.96
93.72
90.22
88.64
99.66
91.4
103.56
106.4
89.18
83.28
93.54
86.12
109.74
108.26
90.68
113.22
102
103.96
124.98
97.78
94.84
80.96
86.58
86
99.76
107.74
73.48
78.3
126.24
91.1
91.14
113.84
125.92
121.4
110.18
92.48
90.2
112.78
84.1
80.4
90.32
85.64
105.66
103.44
93.16
106.44
99.88
118.24
104.08
85.38
88.3
106.56
109.24
102.4
72.76
102.42
99.12
96.38
117.46
129.28
89.96
96.88
98.38
83.96
81.04
90.76
104.24
97.76
88.48
108.4
95.06
117.32
78.9
97.38
75.2
101.92
93.22
120.54
98.86
101.3
90.82
115.2
86.2
96.4
91.2
96.02
116.12
74.14
105.7
125.42
129.8
107.64
105.46
94.2
103.62
93.46
124.2
108.78
90.06
78.14
103.66
90.12
103.46
102.16
101.18
72.12
85.56
100.38
94.44
103.6
85.22
85.28
79.82
115.3
94.92
107.96
101.76
115.72
86.78
88.46
76.14
120.82
161.92
114.16
72.36
110.9
74.5
97.36
82.26
115.8
102.62
99.72
103
81.88
81.82
91.52
97.36
111.12
102.76
102.6
80.9
98.98
126.88
104.5
129.88
94.1
88.4
85.8
96.5
95.76
91.24
96
96.32
94.38
100.8
84.86
91.26
82.2
95.9
111.44
81.2
82.6
100.78
95.14
89.22
82.96
92.22
120.9
109.48
95.28
107.38
123.32
96.22
95.1
112.28
126.74
93.1
104.8
100.56
83.2
116.12
84.98
93.3
77.08
89.22
92.52
109.22
94.72
88.54
100.94
80.52
124.76
88.88
83.12
101.98
110.04
116.64
111.62
104.1
115.44
92.8
87.46
93.64
115.52
93.28
100.22
147.06
75.4
131.04
93.02
75.2
82
96.46
92.4
110.64
101.54
100.34
94.36
89.02
94.2
109.4
94.44
121.42
99.46
97.3
107.92
100.06
82.46
103.84
105.48
111.34
132.76
87.46
108.48
115.68
114.08
78.72
91.82
75.02
110.82
97.56
103.72
112.84
79.82
95.66
93.3
104.86
115.16
111.24
93.8
97.1
94.7
114.62
105.84
114.46
102.38
98.26
94.12
107.14
99.42
116.72
113.66
66.94
92.68
107.1
90.02
118.14
100.18
105.94
99.06
97.94
98.64
107.38
87.96
73.7
87.24
97.04
72.9
96.38
84.88
109.78
103.84
102.6
115.9
113.4
104.3
83.32
91.12
96.08
95.48
122.56
96.76
92.9
87.48
103
120.98
102.4
115.86
125.16
115.38
111.56
86.62
102.64
82.52
101.44
110.78
84.94
108.88
75.48
116.84
102.22
83.5
106.14
89.42
107.96
125.56
103.26
134.84
85.46
100.06
98.28
96.02
127.32
95.8
107.56
101.36
94.9
96.88
107.78
106.42
102.16
128.36
110.08
111.08
103.54
112.74
107.72
92.94
112.26
100.36
111.8
109.94
116.8
92.38
133.04
90.02
89.1
90.78
115.24
100.88
121.26
115.32
105.9
98.32
89.9
80.3
108.68
91.02
111.26
103.8
85.76
80.1
102.64
116.96
100.74
82.62
111.9
120.66
108.82
68.34
79.26
95.84
79.94
105.74
112.28
111.22
88.68
86.44
62.92
83.02
91.66
87.94
115.16
132.14
123.52
101.56
91.48
105.94
112.16
106.36
90.26
107.12
91.72
112.82
108.2
87.34
99.06
129.12
95.7
83.36
79.76
104.42
87.9
99.04
87.98
75.58
79.96
108.52
103.74
87.8
110.22
93.08
80.74
123.44
90.92
94.78
83.56
88.76
91.04
77.98
81.94
81.4
76.6
68.96
103.04
117.34
79.62
110.58
101.36
107.76
120.16
89.8
97.68
90.26
90.64
94.6
100.54
97.46
94.06
88.58
84.82
94.72
107.98
105.34
88.9
95.14
88.8
95.48
116.74
99.64
102.62
81.66
124.74
122.44
107.08
87.76
88.3
89.46
89.26
89.68
104.14
77.28
99
114.96
97.28
109.28
71.42
88
104.28
96.38
104.16
104.14
106.96
100.2
108.4
102.22
92.78
82.04
94.24
73.42
87.32
110.48
81.38
97.12
94.04
121.8
91.38
96.6
132
94.74
91.14
71.76
99
93.18
103.56
109.24
98.64
104.18
93.34
110.92
98.98
93.76
80.44
88.48
107.14
93.72
88.9
86.2
91.34
84.78
117.04
117.1
112.88
98.26
87.34
106.96
94.72
97.5
95.84
92.14
85.08
89.48
90.78
80.16
91.5
106.76
87.7
93.78
98.14
89.58
96.66
106.78
69.12
89.12
97.68
77.5
114.74
86.78
92
109.1
65.36
123.6
134.32
98.68
96.34
74.44
92.76
107.36
127.32
103.38
98.4
78.62
81.4
100.7
80.3
81.08
111.82
89.3
85.48
123.12
92.08
95.56
90.68
91.16
109.92
88.86
110.88
104.08
104.08
89.78
107.24
106.5
122.46
98.48
80.64
84.74
101.3
112.82
105.5
104.96
100.4
123.02
109.86
106.5
120.68
100.88
96.3
63.6
93.2
117.2
86.08
127.14
91.4
82.1
104.42
84.96
84.92
83.66
94.56
84.66
84.56
122.72
106.4
68.42
83.3
71.08
107.76
101.9
93.68
86.98
99.86
102.42
91.68
105.72
109.26
80.1
134.16
80.52
94.5
106.86
107.14
90.56
106.96
96.48
97.78
102.18
117.32
85.5
108.88
98.1
105.12
88.24
119.44
85.4
89.66
72.98
92.58
83.96
94.54
82.24
92.46
102.44
88.06
79.94
105.54
79.9
96.8
91.68
71.92
101.64
115.66
81.88
105.26
98.6
95.22
90.9
88.6
112.96
99.34
84.42
105.02
87.1
144.7
108.66
85.2
100.98
101.18
91.34
101.82
96.12
118.76
99.3
116
107.52
130.88
105.3
93.86
116.04
97.8
109.64
97.16
74.28
136.46
110.04
100.32
100.76
93.34
117.66
115.94
111.22
94.4
96.62
97.88
91.32
89.9
97.74
101.64
90.8
112.54
111.9
86.7
110.26
116.26
112.4
87.52
95.34
73.06
100.68
72.66
94.68
77
101.76
108.46
98.78
95.48
93.32
96.82
73.6
83.46
110.82
86.36
94.52
112.68
126.94
112.56
82.14
98.56
112.54
89.92
97.68
105.82
91.94
83.02
115.26
84.04
112.08
108.28
122.98
75.74
121.34
110.38
119.4
87.76
109.48
98.58
111.24
120.98
100.56
112.56
101.02
108.28
106.7
104.56
74.46
89.34
126.5
101.72
86.48
93.52
101.68
102.56
112.58
110.68
100.02
81.26
98.9
82.56
95.5
97.14
99.84
82.24
97.3
118.16
98.16
105.82
86.92
93.26
110.6
102.32
92.6
93.2
81.72
71.54
81.2
126.6
121.46
118.5
78.8
115.14
87.62
132.04
104.68
98.28
132.78
101
75.58
113.4
99.94
86.34
109.74
96.96
100.24
64.88
101.8
96.58
76.62
114.94
119.6
110.12
103.92
68.92
72.28
121.72
93.7
76.84
68.5
101.96
103.7
109.76
85.54
85.96
101.58
111.24
108.6
90.7
80.56
90.52
106.2
106.98
91.18
98.24
115.46
94.64
74.34
105.84
111.26
128.76
96.86
111.24
93.24
85.68
107.84
98.46
96.82
62.02
134.92
90.66
101.44
93.2
73.2
93.04
79.9
89.24
89.74
95.68
109.6
91.3
136.52
89.36
106.04
80.56
88.22
82.88
119.44
100.68
88.14
91.04
118.22
92.44
94.28
101.8
83.74
84.12
96.32
116.28
96.1
77.86
97.46
92.48
96.78
93.64
79.8
94.8
101.66
85.16
96.64
99.06
78.88
88.98
98.1
126.72
103.74
73.76
106.62
85.8
89.7
90.1
97.16
97.1
110.4
90.12
85.72
100.06
121.94
88.04
110.16
107.1
106.12
92.5
109.68
97.42
117.58
89.3
109.68
127.92
110.22
77.14
82.02
105.22
97.96
106.62
84.28
87.42
103.92
92.18
86.02
109.82
103.28
79.04
112.24
115.92
88.42
109.8
100.8
95.64
94.26
110.04
124.52
80.9
84.98
126.84
104.22
74.8
110.68
101.4
74.82
80.48
96.62
92.78
92.74
100.26
78.2
102.78
101.24
111.34
94.72
122.04
82.04
109.66
86.2
95.02
71.38
86.54
108.78
97.34
102.42
107.88
78.8
101.38
102.38
78.44
96.76
112.7
95.86
83.26
87.68
88.4
97.56
70.86
87.82
82.92
94.9
89.34
79
103.08
91.14
77.8
100.44
87.12
92.68
86.28
110.14
81
89.52
108.98
119.94
139.06
121.1
114.72
101.68
99.42
81.18
98.9
94.3
88.78
130.7
116.34
97.46
102.26
110.78
95.84
90.72
91.96
112.8
120.18
101.16
65.24
116.78
72.66
128.98
111.92
73.3
94.54
74.64
89.98
105.06
92.98
89.28
110.42
103.56
92.5
118.46
88.86
92.52
129.06
94.88
113.52
84.1
113.3
78.02
102.54
104.02
94.1
99.1
110.8
83.92
106.52
93.66
102.72
114
111.28
113.46
122.38
102.52
88.32
93.36
106.3
108.94
97.28
102.88
92.58
100.1
127.06
101.74
97.44
101.48
97.32
117.68
113.6
101.66
90.16
81.5
96.14
92.78
90.94
110.74
118.82
121.7
74.34
68.5
97.18
113.22
84.62
98.54
116.78
99.9
101.56
95.32
94.54
84.94
118.22
78.04
110.86
100.14
102
100.84
131.1
126.6
104.18
85.54
99.94
83.26
98.58
77.74
102.1
89.72
104.78
87.08
91.6
113.26
104.34
81.18
95.86
109.12
86.22
80.74
90.46
117.38
111.74
95.36
93.3
78.84
83.44
58.12
86.36
91.72
113.92
101.52
97.5
130.34
90.2
105.92
85.8
105.3
105.28
109.46
147.34
131.88
81.72
135.4
110.28
120.38
106.76
86.66
100.84
101.08
103.62
106
99.52
91.24
77.34
90.88
118.64
101.84
96.56
111.76
114.1
88.04
95.96
96.06
94.14
85.22
126.96
84.14
81.58
131.34
81.64
113.28
94.9
98.3
125.14
111.6
111.6
76.1
103.5
87.92
95.56
89.26
80.52
111.86
93.5
108.58
118.34
87.44
98.94
78.78
98.22
121.84
115.08
104.86
89.76
91.92
93.34
78.04
115.74
118.44
95.66
84.26
89
101.82
81.42
69.18
111.62
95.8
100.62
94.26
129.2
95.62
104.22
90.8
84.68
108.06
98.06
97.94
102.24
103
96.84
81.56
89.98
96.48
110.76
117.84
98.86
97.36
81.12
87.32
112.1
97.64
126.62
70.18
102.58
139.14
129.34
100
89.12
102.4
100.68
117.88
96.32
123.86
104.48
80.98
96.3
73.66
87.78
100
116.56
88.5
109.9
110.62
94.24
116.76
105.48
112.04
112.5
94.16
89.18
94.2
106.78
89.6
64.76
97.76
76.24
127.38
114.96
104.2
89.54
106.88
104.74
113
107.16
94.1
116.62
102.12
80.48
95.46
122.92
100.28
100.5
90.8
106.74
82.04
68.54
73.78
87.82
90.48
100.16
106.68
104.46
82.08
106.9
93.26
101.42
114.32
109.6
95.52
93.06
106.96
83.4
101.62
105.58
86.7
101.84
91.1
80.76
108
112.16
106.88
104.08
110
96.66
93.38
95.34
103.76
106.88
76.72
99.04
94.62
130.26
109.72
101.06
105.86
82.22
74.94
101.28
100.94
105.64
111.18
119.32
121.9
105.68
118.1
89.34
108.52
86.22
94.24
99.76
98.88
83.54
97.28
82
100.28
114.18
94.48
126.96
98.82
121.18
97.2
102.78
105.12
101.98
114.36
100.74
94.76
94.84
103.62
91.72
78.66
59.36
106.12
120.66
88.74
109.8
100.32
99.32
107.54
71.5
76.34
81.06
85.66
106.74
93.84
96.42
99.92
86.04
88.32
107.9
94.78
100.82
125.78
95.28
105.9
86.02
102.38
90.88
76.44
89.86
112.94
88.84
81.86
105.62
98.88
97.08
106.44
91.04
107.38
112.84
93.28
99.42
92.26
85.62
91.6
94.92
104.12
97.2
108.98
84.12
96.6
82.74
101.64
88.58
102.1
130.62
110.72
99.56
84.32
98.94
111.96
88.86
85.22
85.98
90.8
100.34
101.18
89.84
104.66
98.68
90.56
100.94
107.5
93.62
100.94
94.84
128.86
102.34
125.08
98.04
117.18
105.74
117.02
94.16
88.38
106.82
85.14
106.66
95.86
125.54
104.56
114.9
83.02
83.84
102.48
107.38
126.22
110.1
100.44
125.98
76.02
103.56
84.42
95.84
115.04
124.26
126.58
91.56
99.7
102.7
92.44
88.54
92.56
71.64
101
110.86
98.8
92.92
100.52
138.28
115.76
94.86
89.64
101.54
91.72
100.96
106.74
96.66
106.2
76.6
102.58
89.42
87.88
115.34
104.96
80.76
79.1
112.04
113.18
95.86
90.1
121.24
94.2
87
89.98
105.54
95.68
93.88
137.72
110.52
117.2
81.46
114.38
86.26
79.34
100.78
91.62
84.72
94.42
75.48
104.96
88.98
82.02
102.66
100.52
110.56
103.6
90.28
115.98
86
102.66
96.02
80.04
89.94
87.5
95.9
113.2
79.62
115.74
118.56
121.54
106.58
106.56
106.7
110.36
93.34
106.7
96.06
114.34
68.6
105.72
104.74
100.48
115.46
121.94
94.74
108.76
91.8
112.28
92.36
101.74
84.02
104.32
102.52
90.36
96.4
102.9
94.58
110.04
92.42
70.82
64.6
99.28
95.2
102.24
77.72
108.1
110.68
138.82
98.92
115.3
98.2
84.58
96.1
89.74
110.1
111.66
86.78
83.96
105.26
108.72
91.56
127.96
93.06
109.92
94.14
93.28
97.94
94.14
118.52
82.16
92.54
84.02
89.96
98.54
119.5
93.06
100.42
90.92
95.96
96.86
87.36
121.42
119.6
85.62
83.34
116.48
105.68
80.08
114.52
102.72
91.46
101.48
85.62
94.32
93.22
79.88
87.22
82.96
113.24
93
90.84
105.54
108.26
81.64
111.22
83.78
101.72
88.82
98.78
102.4
94.12
116.58
90.94
93.52
84.26
85.08
71.98
112.98
111.46
89.16
97.2
85.62
93.18
106.12
112.16
72.42
123.58
88.38
123.92
78.76
98.14
110.06
104.14
116.4
67.5
90
92.34
77.42
103.94
105.54
86.56
107.86
92.16
86.84
102.3
98.66
132.24
89.44
95.38
96.3
92.62
95.52
89.74
114.02
104.2
106.04
112.46
103.14
102.64
114.72
96.44
94.66
105.82
92.12
79.46
83.2
110.26
100.26
85.3
94.14
88.32
116.44
95.62
114.44
88.1
105.42
95.96
83.5
84.48
114.38
119.84
88.58
95.64
105.54
100.54
98.88
122.98
75.16
94.56
85
119.84
113.4
131.52
90.8
90.38
102.46
74.98
94.9
107.9
95.96
98.84
111.9
118.12
79.7
116.16
90.82
98.04
96.78
82.2
81.48
117.48
95.1
95.36
112.84
101.94
70.84
80.52
92.1
76.26
88.96
82.64
87.98
83.24
107.88
122.36
107.44
86.96
85.98
118.18
80.68
83.94
84.06
99.46
90
92.74
90
93.5
114.22
85.24
99.54
80.4
99.52
116.7
103.76
112.28
113.46
92.62
90.86
75.12
96.54
88.36
96.44
102.38
121.72
98.48
105.02
107.18
92.46
129.22
108.54
102.9
97.84
103.64
89.7
113.02
98.92
112.08
84.52
94.4
103.2
98.34
104.96
88.82
101.24
91.54
98.7
113.72
72.58
93.68
85.38
106.2
89.86
90.02
76.9
102.22
97.72
89.94
100.8
109.34
93.8
60.22
113.62
119.46
78.34
80.34
87.36
83.82
87.36
107.84
105.5
106.2
78.5
105.78
112.98
91.24
80.9
127.54
95.98
112.46
107.78
88.84
92.3
95.58
103.98
94.7
90.14
97
82.92
106.04
99.34
93.86
87.38
78.62
94.6
128.7
90.48
85.88
90.34
113.3
102.26
96.42
103.06
101.14
118.88
78.84
94.58
102.7
101.96
89.08
88.38
101.72
109.04
87.86
110.16
115.3
94.96
121.22
89.12
90.6
78.92
91
74.94
105
116.76
97.58
92.54
108.16
78.92
141.82
88.96
107.52
96.76
119.58
95.04
101.02
108.48
90.82
125.34
105.74
104.88
106.46
97.1
87.64
111.64
117.66
112.2
116.84
97.84
92.48
100.8
87.02
110.34
99.1
98.98
115.88
90.82
110.42
95.22
115.22
96.34
101.4
127.3
99.34
88.9
92.56
90.46
98.66
108.68
117.34
84
91.86
101.92
100
88.16
103.16
130.82
82.24
114.06
97.08
90.74
80.06
157.96
68.9
110.76
86.8
101.46
110.9
125.82
114.26
109.28
87.58
102.8
74.12
89.98
111.62
114.2
89.68
98.66
80.02
103.26
102.06
89.76
91.46
114.04
74.62
81.32
75.4
67.62
114.82
108.88
123.72
95.84
76.42
110.84
86.22
116
119.72
99.02
102.46
83.48
83.4
77.92
89.74
102.52
103.9
79.7
109.6
91.66
106.62
81.6
94.44
99.02
83.76
110.16
100.56
88.42
110.44
94.28
88.8
101.78
105.38
78.6
97
102.46
103.2
105.26
101.2
108.3
87.82
85.58
89.1
113.04
99.98
106.02
99.14
124.12
93.32
115.7
99.42
94.46
112.76
87.34
119.1
123.92
119.52
83.48
83.42
130
106.7
99.4
107.32
81.54
122.46
87.94
93.08
97.96
112.04
85.32
86.5
72.84
92.3
118.24
110.2
103.5
94.66
89.62
91.7
134.66
108.24
107.76
108.46
101.7
88.34
97.04
85.28
86.08
107.82
93.52
95.7
108.22
112.46
93.16
100.4
89.46
96.46
90.84
87.42
108.26
97.82
85.26
97.74
107.08
83.4
110.7
80.14
123.9
90.62
94.48
112.24
87.92
102.22
101.66
107.8
80.46
93.6
101.72
118.58
86.64
96.86
105.5
91
95.08
108.96
81.92
109.16
84.28
89.24
86.56
91.56
98
100.28
111
100.4
95.44
93.26
77.5
104.86
120.32
77.96
78.26
91.46
86.3
98.62
83.46
95.34
69.74
98.7
93.18
94.04
95.82
105.82
104.8
87.28
77.68
109.04
83.12
114.2
84.32
93.18
98.14
96.94
92.86
96.94
101.42
127.54
98.2
106.4
93.58
96.02
89.34
104.3
91.8
93.16
79
95.34
89.82
87.64
121.26
130.7
93.2
103.3
89.2
103.48
91.86
89.22
82.66
112.36
102.8
65.66
107.86
114.7
93.2
86.4
96.86
86.84
117.36
55.12
105.46
95.32
84.18
119.92
87.98
68.34
107.82
116.2
105.16
96.6
109.26
117.1
100.86
106.16
79.56
94.18
107.58
111.8
104.06
99.3
108.68
108.58
83
91.94
91.36
135.8
84.84
114.4
92.88
100.72
92.44
94.34
90.64
96.18
98.14
83.22
101.4
91.3
75.64
97.74
89.46
128.64
93.36
103.7
90.22
101.38
107.86
124.28
86.54
100.6
98.74
82.28
107.16
154.84
91.64
89.98
87.38
83.28
112.7
82.94
96.58
94.06
76.12
100.96
97.62
95.52
97.58
106.66
92.18
94.46
83.9
108.24
95.74
105.28
105.58
96.9
114.02
92.24
105.38
82.16
105.34
81.86
87.7
126.34
102.9
87.92
102.12
94.64
91.5
104.22
98.14
80.26
87.2
97.2
115.18
93.6
99.7
92.18
83.14
81.34
84.36
89.38
119.52
86.74
111.76
112.04
94.9
85.82
93.52
101.1
91.86
102.54
84.42
77.38
107.96
98.6
116.24
117.88
91.24
142.06
89.92
85.44
93.9
81.74
89.32
108.1
88.56
99.48
96.12
88.56
97.88
82.92
78.06
101.98
89.74
95.46
103.32
116.94
75.02
102.16
93.66
122.56
95.82
89.12
84.82
84.76
101.56
84.38
68.36
116.32
108.32
105.46
119.48
83
94.08
93.36
97.74
107.68
103.38
106.08
97.04
104.84
101.12
108.86
91.36
84.44
113.38
84.94
79.86
125.54
101.56
96.42
98.18
93.28
95.62
127.04
101.8
99.74
90.48
99
108.46
88.12
87.36
97.38
96.86
83.54
87.82
103.46
104.62
101.38
85.5
84.82
91.9
110.06
90.3
98.46
144.18
90.5
97.14
94.7
87.4
100.92
109.7
89.76
123.62
86.4
102.38
138.24
123.82
93.34
96.24
81.46
113.28
110.06
100.56
86.6
78.8
70.38
97.72
113.78
92.02
117.2
120.32
90.38
93.96
105.58
101.74
114.7
110.08
125.76
111.58
107.82
92.14
123.08
123.42
80.82
116.4
71.56
90.34
99.28
82.5
100.94
94.34
113.36
97.54
115.2
64.58
110.8
88.86
97.02
102.78
119.24
100.68
116.26
93.08
114.78
86.04
100.68
78.78
121.34
108.76
101.52
95.08
118.98
92.8
98.92
91.16
92.06
113.88
99.74
94.18
95.02
86.08
78.9
91.2
102.98
111.94
114.16
81.88
112.48
101.32
81.94
104
98.6
100.24
100.46
91.16
73.88
89.28
113.76
93.84
85.24
112.16
101.96
100.94
83.06
105.34
80.14
117.4
103.38
93.58
87.12
92.94
114.06
109.4
110.36
82.62
77.42
92.16
90.5
98.66
68.92
98.24
100.26
133.44
96.56
124.26
78.6
132.16
79.46
87.52
83.34
102.18
121.48
91.68
88.32
82.6
105.62
95.24
90.36
91.96
110.92
107.04
104.56
89.58
96.06
112.46
103.82
94.02
86.18
96.88
105.26
104.58
126.36
104.72
88.76
109.54
138.3
89.52
81.94
106.64
109.02
80.4
70.76
98.66
111.54
92.56
92.04
88.64
83.42
71.6
107.98
116.6
112.54
96.94
103.38
98.94
95.94
98.2
113.2
84.48
85.08
93.74
119.84
84.5
106.96
94.78
88.76
108.76
85.1
61.34
91.72
132.4
100.86
101.96
87.22
101.84
128
94.98
107.52
83.56
83.92
98.36
104.66
68.3
101.24
119.6
111.5
82.58
120.18
82.8
109.96
110.8
108.96
97.12
136.44
97.26
115.94
92.58
100.5
78.42
109.2
91.82
96.68
106.3
110.82
81.92
103.48
93.74
126.04
114.48
82.18
101.76
109.24
91.7
72.96
97.26
88.44
88.5
97.64
92.26
108.14
97.16
112.06
93.02
84.5
101.04
108.78
102.12
105.02
74.2
87.92
101.9
92.3
93.44
98.86
70.7
90.1
105.54
86.36
101.02
103.5
86.54
122.6
88.04
80.54
95.42
96.78
104.24
104.32
104.68
81.96
93.28
115.66
100.6
97.96
111.34
99.14
110.78
92.58
134.42
101.08
106.98
98.42
65.24
93.82
123.4
92.62
66.8
104.02
98.98
86.48
82.26
99.2
99.24
82.48
97.74
95.1
119.22
104.18
100.16
125.06
95.82
97.3
80.4
100.32
122.48
116.78
111.78
106.72
107.58
102.18
79.68
89.3
112.76
89.2
99.44
105.94
101.32
96.66
93.36
100.92
87.84
116.74
109.22
96.62
101.5
97.02
110.3
85.24
114.62
110.74
77.24
86.54
117.82
98.66
114.94
84.48
87.56
99.86
103.58
95.52
91.7
102.68
88.42
78.56
99.74
110.1
81.64
90.3
93.76
111.64
115.14
97.54
93.6
92.9
98.2
94.44
94.1
111.18
94.52
70.06
92.62
92.52
94.54
83.64
75.08
117.5
88.44
107.7
114.92
72.74
97.8
106.02
91.6
76.62
134
107.92
103.72
110.82
92.02
67.98
97.96
86.1
90.38
95.3
104.06
111.74
126.9
105.6
113.72
109.76
89.42
95.4
91.06
94.96
106.08
110
96
97.38
101.48
106.24
78.52
91.58
85.84
85.16
99.38
107.44
87.82
127.38
106.8
125.48
88.78
83.88
90.14
94.52
84.2
90.82
106.68
108.36
86.7
89.98
97.26
124.8
95.76
76.62
99.26
90.8
116.5
100.08
104.7
91.86
120.26
92.78
87.7
76.22
83.46
115.06
107.96
85.06
120.38
133.56
101.52
101.8
96.56
100.94
87.44
108.2
109.64
111.4
100.42
94.66
96.06
80.9
92.72
109.02
94.42
104.34
98.46
107.4
97.74
90.3
89.88
101.98
104.92
75.82
70.74
101.16
110.64
101.3
95.34
107.32
98.18
98.2
87.44
129.5
90.76
113.64
128.94
115.46
86.14
95.5
79.72
113.74
106.38
75.38
114.1
107.52
115.64
107.78
88.46
113.68
92.76
91.04
91.6
99.2
114.9
89.7
124.26
93.22
96.16
93.48
121.94
107.74
114.64
108.84
86.48
91.84
109.24
100.92
105.02
95.66
94.02
106.46
86.76
115.26
90.08
120.12
91.42
128.28
95.32
76.7
104.72
85.68
112.02
99.8
93.48
139.98
101.12
123.12
135.3
102.9
80.52
108.58
99.08
95.68
82.86
113.78
119.38
112
91.8
87.22
117.36
78.22
85.32
84.54
97.34
96.94
83.74
105.12
97.64
77.4
95.26
93.72
137.86
109.98
85
82.12
140.38
70.82
90.12
106.36
82.08
76.5
97.14
95.54
84.54
87.9
117.1
101.48
103.78
86.18
99.54
87.08
121.66
101.14
121.2
110.52
107.5
80.48
118.92
123.96
107.18
81.54
82.3
82.5
86.18
101.4
89
95
104.94
99.76
100.82
96.78
87.78
101.8
86.28
89.76
109.46
84.28
94.16
131.6
75.76
100.52
99.64
128.22
89.44
93.72
86.48
140.12
87.38
110.1
96.6
80.02
84.46
95.48
82.02
108.62
84.34
97.18
112.42
85.96
80.22
138.04
87.32
108.5
82
93.76
100.32
75.68
103.04
102.98
101.82
114.68
96.38
127.06
105.18
97.06
67.78
111.18
122.68
99.92
124.12
88.74
96.34
81.72
91.16
105.36
107.66
123.78
118.94
116.68
98.74
91.84
107
86.48
94.12
78.68
100.58
87.7
84.14
91.72
106.5
86.6
90.3
85.18
112.12
103.16
74.32
107.18
98.26
98
118.34
113.84
86.14
98.52
101.8
96.36
115.68
109.42
78.2
87
109.98
105.06
79.3
81.72
81.66
101.84
88.4
95.92
90.08
92.62
88.96
88.34
116.02
107.5
123.96
87.48
93.02
92.02
102.78
78.6
88.86
84.22
60.68
122.52
109.46
74.98
86.26
121.04
90.26
79.64
119.78
91.14
120.04
99.8
77.2
94.64
81.84
93.18
89.8
82.16
121.78
123.48
93.3
79.9
92.5
98.72
86.5
96.66
83.7
86.14
93.8
106.12
85.66
87.96
109.86
120.74
87.48
102.5
94.8
103.52
102.34
101.28
72.22
111
99.14
99.82
112.16
67.8
93.78
106.14
111.26
102.64
106.3
108.58
85.32
75.72
118.88
103
106.06
108.5
102.52
87.92
87.96
93.4
109.36
100.64
90.48
94.3
103.58
95.02
107.08
89.8
83.78
112.12
107.3
116.08
98.2
103.38
89.46
108.02
109.3
121.92
117.26
86.48
98.12
108.98
109.58
120
127.14
123.62
96.96
120.7
125.8
80.92
134.62
83.2
82.16
91.12
92.76
121.1
113.8
83.92
92.04
104.66
115.7
99.28
121
95.62
116.48
85.82
101.2
102.64
100.9
88.54
104.9
114.62
79.36
93.08
95.36
104.12
97.54
110.54
97.74
90.34
115.1
91.8
78.16
84.82
111.96
98.76
93.8
132.08
99.14
105
93.34
118.6
139.54
84.46
86.9
137.18
117.76
123.08
95.18
89.5
128.98
101.78
84.44
99.88
96.38
88.22
87.1
98.6
105.1
100.64
82.6
80.7
96.92
88.52
99.3
104.38
103.62
77.4
79.08
104.96
83.76
122.22
79.42
104.52
100.62
90.74
97.08
89.08
93.04
131.06
94.46
98.6
108
115.36
108.66
106.26
94.74
101.78
99.12
131.22
95.34
116.98
89.96
99.16
89.06
99.26
91.76
95.28
121.54
115.82
89.64
90.62
125.48
83.58
101.2
83.5
110.66
96.64
110.48
93.32
91.18
95.8
104.6
103.94
102.74
91.16
89.48
93.42
122.84
111.22
109.32
107.52
94.2
81.04
81.08
83.32
59.4
134.66
108.34
94.68
73.1
99.88
100.8
109.4
81.58
107.92
114.18
70.92
76.34
85.24
107.78
82.7
106.68
95.02
90.9
104.06
108.12
98.86
95.18
103.04
96.56
97.04
85.84
98.32
114.06
76.6
85.9
130.26
108.56
121.6
88.38
87.66
112.4
78.2
121.06
114.06
105.96
102.26
90.26
93.58
78.94
106.06
96.08
118.92
120.3
99.58
98.32
80.42
120.68
111.14
74.1
124.22
74.1
99.04
102.78
101.44
92.98
100.74
72.84
116.46
131.14
107.1
109.54
96.06
90.2
98.76
112.32
108.92
109.14
107.54
109.46
100.22
101.56
106.6
80.68
104.26
83.52
96.46
94.96
104.94
102
87.44
68.26
122.14
105.88
120.38
113
115.8
90.56
107.24
90.76
102.66
84.66
113.98
103.44
81.5
94.94
118.5
114.58
83.04
104.14
113.7
89.28
110.44
101.18
83.38
114.22
106.58
118.26
93.14
89.42
117.64
83.32
101.24
120.4
78.54
86.66
94.12
84.98
107.02
90.28
117.7
112.84
122.56
91.18
84.94
85.2
82.8
94.4
128.1
128.48
99.82
100.3
102.62
117.18
113.28
106.8
93.34
105.28
87.6
80.44
113.82
101.66
100.4
96.2
100.3
116.96
99.24
117.02
91.84
116.86
94.54
97.66
104.9
114.98
100.98
99.82
97.88
98.66
122.72
107.34
117.72
95.54
137.58
104.04
93.66
89.92
93.54
70.54
102.06
101.62
89.08
117.5
117.58
77.4
77.2
79.1
96.74
118.84
96.88
109.92
96.64
97.44
83
100.42
105.38
109.8
96.7
113.54
92.6
101.96
84.52
82.28
99.86
100.56
103.32
102.3
94.36
101
91.6
124.52
88.72
77.32
122.44
95.76
105.42
117.04
115.98
92.9
82.42
92.02
84.42
96.06
92.42
105.7
96.66
100.6
90.34
103.64
99.82
112.82
77.86
123.12
86.18
109.04
86.72
96.74
116.18
94.14
99.64
98.44
95.4
108.56
117.02
77.96
101.02
85.52
97.38
62.04
105.72
103.62
88.22
92.48
87.52
80.96
87.22
79.12
102.94
110.06
116.16
98.94
123.78
123.86
83.44
107.9
95.58
113.88
101.9
93.36
93.88
107.38
80.8
97.34
71.96
99.78
126.98
115.92
90.62
114.52
92.34
92.5
125.08
87.42
129.6
80.36
136.18
70.04
107.44
102.1
107.22
121.56
98.9
76.3
90.76
81.56
80.14
109.28
89.5
133.18
106.34
121.54
113.4
99.76
75.36
102.46
125.6
104.96
93.32
107.44
122.12
96.2
103.26
116.44
104.86
111.5
102.44
78.74
79.58
112.02
91.54
87.52
116.36
57.16
107.5
80.82
79.42
81.5
102.52
108.38
137.32
88.7
84.6
97.2
104.94
90.12
116.64
110.32
97.22
80.08
81.8
86.16
100.16
96.36
83
76.94
86.8
97.7
88.62
98.64
96.52
99.04
101.14
98.6
91.92
88.12
93.06
84.2
106.86
82.62
103.16
91.5
98.36
98.22
90.76
89.48
101.94
96.98
109.22
86.12
100.64
105.52
85.42
90.24
102.76
99.7
85.2
102.2
87.18
117.4
112.64
100.78
107.32
112.4
102.3
90.32
95.9
78.56
89.48
101.9
112.52
89.2
102.38
137
76.88
94.28
81.08
90.44
85.14
94.94
104.28
92.42
98.1
113.68
109.9
81.4
106.04
104.84
103.86
99.18
97.86
99.16
88.1
126.42
111.96
90.68
69.16
86.5
88.7
105.08
107.64
91.74
91.62
99.72
93.22
87.58
107.24
93.36
105.22
93.92
101.38
106.4
110.2
88.86
106.28
98.86
106.06
101.72
93.38
88.86
129.78
113.1
73.72
84.28
98.36
106.16
114.84
78.84
106.32
96.98
107.24
101.14
86.98
101.88
78.64
88.36
87.14
97.24
107.3
103.94
118.28
89.02
107.9
91.64
95.38
122.04
80.68
97.24
115.34
86.86
71.44
93.98
87.4
93.28
109.46
96.74
72.48
118.48
106.5
136.82
125.88
107.26
118.74
105.72
98.54
86.96
119.12
107.44
105.06
122.54
90.42
96.38
104.02
95.76
99.18
118.2
111.18
99.18
103.28
83.48
110.78
73.88
97.18
89.7
112.22
109.18
85.8
110.86
120.44
99.82
100.26
86.56
102.52
135.68
95.98
123.42
99.44
98.76
95.68
94.78
99.48
89.04
74.18
103.34
98.72
92.36
123.7
81.64
110.78
79.48
85.98
128.16
98.62
86.88
86.22
112.96
105.14
113.28
79.52
112.46
95.94
113.6
52.96
83.72
59.3
102.06
78.7
99.54
93.8
104.36
103
97.22
89
105.42
107.36
110
87.06
96.02
99.46
107.86
71.26
116.32
100.92
103.56
126.78
84.46
92.44
101.42
83.9
99.34
105.06
128.14
111.54
98.22
101.5
95.16
90.02
87.28
129.6
105.78
73.86
103.02
106.82
97.82
115.96
85.44
107.08
99.46
113.92
92.34
103.86
96.6
73.88
148.66
87.6
79.66
88.78
95.06
92.02
113.08
94.42
94.14
83.72
95.26
81.82
118.4
76.1
115.8
93
127.36
109.26
117.96
88.12
90.28
103.64
90.62
66.72
115.04
92.48
113.32
92.64
125.78
100.9
90.28
105.18
100.72
94.38
110.18
108.32
111.8
96.36
105.58
86.36
94.4
104.8
87.16
89.48
105.78
87.16
103.84
79.36
96.98
90.68
123.9
113.94
115.56
87.08
95
102.42
81.82
82.9
121.02
110.24
91.82
79
96.9
94.6
79.26
99.86
112.02
105.16
85.52
82.7
113.84
96.94
84.3
104.8
93.08
116.96
123.38
106.46
124.64
100.84
105.54
69.8
108.18
88.88
95.02
82.62
104.84
104.4
92.66
104.36
105.62
97.04
70.7
107.5
75.72
108.18
113.88
114.46
95.44
86.74
77.7
89.56
98.36
78.42
95
99.44
114.52
96.22
84.28
91.74
106.02
122.98
87.64
78.22
113.92
108.66
86.26
95.96
96.18
97.12
97.56
101.34
72.92
104.16
97.46
86.5
103.22
89.2
82.9
96.86
124.78
102.66
86.4
83.66
93.1
104.4
108.48
85.42
108.44
88.16
125.4
107.9
92.88
55.14
99.24
88.18
97.9
125.38
86.24
104.02
107.54
122.66
97.22
100.7
105.52
86.7
104.06
95.1
123.32
87.58
90.26
92.88
112.38
76.98
84.9
63.44
73.22
129.82
120.56
91.72
83.08
100.02
104.84
88.6
91.36
87.54
120.22
99.1
117.18
101.52
86.96
87.82
85.44
115.4
77.08
92.94
96.5
107.36
80.82
88.12
95.44
102.2
110.58
99.58
99.54
90.14
114.58
98.36
115.44
104.9
75.3
112.9
82.5
92.26
105.46
100.22
88.04
96.94
109.56
97.92
131.46
94.4
74.94
73.18
86.34
78.98
99.24
92.82
103.22
91.52
107.94
103.04
90.08
123.86
92.06
88.02
104.5
104.6
113.6
106.66
97.48
96.62
103.88
74.28
108.9
99.38
79.44
104.58
103.04
110.32
93.94
93.96
72.3
123.96
118.06
80.28
112.98
87.28
103.86
122.8
91.18
98.46
99.1
75.6
89.6
100.22
75.94
102.06
101.98
107.76
104.84
97.4
96.16
104.46
118.6
91.16
118.12
78.62
104.06
95.9
95.64
86.22
84.14
94.88
92.8
107.44
82.14
132.38
102.16
105.66
116.58
91.34
93.52
84.84
88.88
89.9
141.26
117.22
92
101.62
98.26
129.88
111
89.52
102.96
88.78
87.52
117.58
101.76
114.22
100.28
101.14
120.28
111.88
105.04
123.52
127.3
124.74
83.74
105.62
98.78
102.52
87.56
89.4
84.36
120.08
125.82
124.02
89.32
100.06
73.5
130
113.36
110.16
121.84
72.9
93.72
97.08
73.42
116.2
115.24
116.54
88.06
92.56
96.08
92.34
99.7
97.5
92.78
88.96
89.08
102.1
119.84
91.94
78.88
80.88
72.28
109.48
77.9
79.92
106.94
101.34
77.7
92.98
96.36
124.94
115.36
93.3
114.24
76.9
105.7
118.88
81.9
113.16
105.68
89.28
81.3
128.78
82.06
85.22
106.12
88.92
88.4
112.56
101.78
105.36
109.74
97.96
93.22
92.84
90.76
93.16
100.54
94.26
112.68
125.8
102.98
87.18
116.42
83.82
117.7
105.48
99.28
94
113.16
127.22
89.5
110.2
104.38
94.4
93.56
88.5
110.26
105.26
99.58
99.88
116.84
103.08
119.54
68.82
84.14
115.2
104.42
102.94
77.12
86.52
100.48
92.96
95.7
97.52
64.7
89.14
96.14
102.66
82.3
139.1
82.24
78.26
77.52
109.88
95.5
133.32
82.48
88.6
94.12
99.66
93.48
93.38
92.02
101.96
98.68
85.98
86.36
94.36
98.72
104.94
91.68
100.02
86.34
82.72
118.96
117.5
124.34
83.02
97.96
79.82
77.78
103.82
125.88
102.32
98.18
86.62
115.96
71.78
87.2
88
115.54
75.74
115.52
103.12
80.94
108.96
61.76
113.82
94.78
74.42
82.9
91.16
101.28
102.9
89.54
107.08
95.14
84.24
117.7
87.36
86.62
93.02
90.96
108.8
94.64
91.38
115.32
119.88
99.7
87.72
94.6
113.18
115.14
117.54
79.24
119.06
89.7
130.16
113.04
84.32
103.08
112.7
82.3
101.5
77.72
77.7
81
70.58
76.7
107.24
101.12
104.9
108.42
110.3
129.66
107.32
109.14
81.24
73.04
73.8
86.96
125.2
95.44
80.08
117.74
140.74
121.84
94.46
104.38
102.54
100.24
108.78
103.1
91.16
100.42
121.88
111.36
96.38
94.7
73.02
